entrydate	entrytime	entryprice	exitdate	exittime	exitprice	quantity	pnl	symbol	side	timestamp
20211204	2	4206.01	20211204	3	4199.28	1	6.73	ETH-USDT-SWAP	SELL	1638576158375
20211204	3	4204.88	20211204	3	4195	1	9.88	ETH-USDT-SWAP	SELL	1638576203232
20211204	4	4195.1	20211204	5	4201.54	1	-6.44	ETH-USDT-SWAP	SELL	1638576279195
20211204	4	4197.19	20211204	4	4190.28	1	6.91	ETH-USDT-SWAP	SELL	1638576245175
20211204	5	4204.07	20211204	5	4208.82	1	-4.75	ETH-USDT-SWAP	SELL	1638576321405
20211204	6	4204.1	20211204	7	4214	1	9.9	ETH-USDT-SWAP	BUY	1638576394164
20211204	7	4213.01	20211204	10	4218.2	1	-5.19	ETH-USDT-SWAP	SELL	1638576446204
20211204	10	4220.95	20211204	13	4224.3	1	3.35	ETH-USDT-SWAP	BUY	1638576639910
20211204	14	4223.24	20211204	15	4216.01	1	7.23	ETH-USDT-SWAP	SELL	1638576860215
20211204	15	4219.43	20211204	17	4227	1	7.57	ETH-USDT-SWAP	BUY	1638576955016
20211204	17	4225.31	20211204	19	4231.2	1	5.89	ETH-USDT-SWAP	BUY	1638577039568
20211204	21	4235.06	20211204	22	4229.06	1	-6	ETH-USDT-SWAP	BUY	1638577263936
20211204	22	4229.69	20211204	23	4223.39	1	6.3	ETH-USDT-SWAP	SELL	1638577349622
20211204	23	4220.2	20211204	25	4212.25	1	-7.95	ETH-USDT-SWAP	BUY	1638577434377
20211204	26	4208.67	20211204	27	4202.81	1	5.86	ETH-USDT-SWAP	SELL	1638577563442
20211204	31	4198.03	20211204	32	4204.2	1	6.17	ETH-USDT-SWAP	BUY	1638577870793
20211204	32	4204.36	20211204	35	4201.87	1	2.49	ETH-USDT-SWAP	SELL	1638577953769
20211204	35	4202.1	20211204	38	4193.46	1	-8.64	ETH-USDT-SWAP	BUY	1638578141247
20211204	38	4193.46	20211204	39	4181.7	1	11.76	ETH-USDT-SWAP	SELL	1638578328849
20211204	39	4182.07	20211204	40	4176.12	1	-5.95	ETH-USDT-SWAP	BUY	1638578391639
20211204	40	4177.44	20211204	41	4184.49	1	7.05	ETH-USDT-SWAP	BUY	1638578433304
20211204	41	4188.36	20211204	42	4183.82	1	-4.54	ETH-USDT-SWAP	BUY	1638578485183
20211204	42	4182.88	20211204	43	4175.57	1	7.31	ETH-USDT-SWAP	SELL	1638578568834
20211204	43	4177.25	20211204	44	4161.77	1	15.48	ETH-USDT-SWAP	SELL	1638578601641
20211204	44	4168.56	20211204	45	4179.62	1	-11.06	ETH-USDT-SWAP	SELL	1638578685723
20211204	45	4167.1	20211204	46	4158.43	1	8.67	ETH-USDT-SWAP	SELL	1638578747722
20211204	45	4172.72	20211204	45	4168.01	1	-4.71	ETH-USDT-SWAP	BUY	1638578726929
20211204	46	4158.23	20211204	47	4165.18	1	-6.95	ETH-USDT-SWAP	SELL	1638578789645
20211204	47	4166.19	20211204	48	4158.01	1	8.18	ETH-USDT-SWAP	SELL	1638578833920
20211204	48	4157.57	20211204	49	4162.44	1	-4.87	ETH-USDT-SWAP	SELL	1638578917213
20211204	49	4167.76	20211204	50	4173.29	1	5.53	ETH-USDT-SWAP	BUY	1638578979229
20211204	50	4160.75	20211204	51	4154.79	1	-5.96	ETH-USDT-SWAP	BUY	1638579031577
20211204	51	4154.01	20211204	52	4159.15	1	-5.14	ETH-USDT-SWAP	SELL	1638579084445
20211204	52	4160	20211204	53	4155.25	1	-4.75	ETH-USDT-SWAP	BUY	1638579146722
20211204	54	4154	20211204	55	4164.14	1	10.14	ETH-USDT-SWAP	BUY	1638579282189
20211204	55	4179.01	20211204	56	4185.01	1	-6	ETH-USDT-SWAP	SELL	1638579334207
20211204	57	4184.45	20211204	57	4176.73	1	-7.72	ETH-USDT-SWAP	BUY	1638579428301
20211204	58	4175.26	20211204	58	4168.78	1	-6.48	ETH-USDT-SWAP	BUY	1638579511806
20211204	59	4170.53	20211204	100	4161.54	1	8.99	ETH-USDT-SWAP	SELL	1638579564002
20211204	101	4149.37	20211204	102	4158.95	1	9.58	ETH-USDT-SWAP	BUY	1638579689386
20211204	102	4170.32	20211204	103	4178.21	1	7.89	ETH-USDT-SWAP	BUY	1638579741412
20211204	103	4175.46	20211204	103	4187.44	1	11.98	ETH-USDT-SWAP	BUY	1638579814320
20211204	104	4183.13	20211204	106	4189.48	1	6.35	ETH-USDT-SWAP	BUY	1638579888068
20211204	104	4186.73	20211204	104	4182.34	1	-4.39	ETH-USDT-SWAP	BUY	1638579845727
20211204	106	4173.53	20211204	107	4166.9	1	6.63	ETH-USDT-SWAP	SELL	1638580018933
20211204	106	4184.97	20211204	106	4170.29	1	14.68	ETH-USDT-SWAP	SELL	1638579986176
20211204	108	4159.71	20211204	108	4153.59	1	-6.12	ETH-USDT-SWAP	BUY	1638580103723
20211204	109	4141.77	20211204	110	4133	1	8.77	ETH-USDT-SWAP	SELL	1638580197565
20211204	109	4153.85	20211204	109	4146.4	1	-7.45	ETH-USDT-SWAP	BUY	1638580145269
20211204	110	4136.41	20211204	111	4127.37	1	-9.04	ETH-USDT-SWAP	BUY	1638580249691
20211204	111	4125	20211204	112	4129.61	1	-4.61	ETH-USDT-SWAP	SELL	1638580312671
20211204	112	4124.11	20211204	112	4135.69	1	11.58	ETH-USDT-SWAP	BUY	1638580354103
20211204	112	4129.24	20211204	112	4122.63	1	6.61	ETH-USDT-SWAP	SELL	1638580333239
20211204	113	4138.23	20211204	113	4126	1	-12.23	ETH-USDT-SWAP	BUY	1638580406345
20211204	114	4128.53	20211204	115	4139.8	1	11.27	ETH-USDT-SWAP	BUY	1638580448456
20211204	115	4136.84	20211204	115	4143.34	1	-6.5	ETH-USDT-SWAP	SELL	1638580522327
20211204	115	4144.04	20211204	116	4149.66	1	5.62	ETH-USDT-SWAP	BUY	1638580543260
20211204	116	4152.77	20211204	118	4145.68	1	-7.09	ETH-USDT-SWAP	BUY	1638580605510
20211204	119	4149.73	20211204	119	4144.16	1	5.57	ETH-USDT-SWAP	SELL	1638580752830
20211204	120	4141.48	20211204	120	4148.47	1	-6.99	ETH-USDT-SWAP	SELL	1638580804975
20211204	120	4151.11	20211204	120	4156.2	1	-5.09	ETH-USDT-SWAP	SELL	1638580825862
20211204	120	4157.2	20211204	121	4163.41	1	6.21	ETH-USDT-SWAP	BUY	1638580857355
20211204	121	4156.23	20211204	122	4163.57	1	7.34	ETH-USDT-SWAP	BUY	1638580909711
20211204	122	4163.4	20211204	123	4156.94	1	-6.46	ETH-USDT-SWAP	BUY	1638580940738
20211204	123	4159.39	20211204	124	4154.16	1	-5.23	ETH-USDT-SWAP	BUY	1638581024335
20211204	124	4155.41	20211204	126	4165.74	1	-10.33	ETH-USDT-SWAP	SELL	1638581066173
20211204	126	4168.47	20211204	127	4163.36	1	-5.11	ETH-USDT-SWAP	BUY	1638581171277
20211204	127	4165	20211204	128	4159.47	1	5.53	ETH-USDT-SWAP	SELL	1638581264932
20211204	129	4157.95	20211204	129	4163.86	1	5.91	ETH-USDT-SWAP	BUY	1638581348250
20211204	129	4164.33	20211204	130	4158.08	1	6.25	ETH-USDT-SWAP	SELL	1638581379463
20211204	130	4155.01	20211204	132	4149	1	6.01	ETH-USDT-SWAP	SELL	1638581452537
20211204	132	4151.49	20211204	134	4158.48	1	-6.99	ETH-USDT-SWAP	SELL	1638581556614
20211204	134	4159.48	20211204	136	4152.25	1	7.23	ETH-USDT-SWAP	SELL	1638581692398
20211204	137	4144	20211204	138	4149.88	1	5.88	ETH-USDT-SWAP	BUY	1638581827912
20211204	138	4150.05	20211204	139	4156.16	1	6.11	ETH-USDT-SWAP	BUY	1638581901262
20211204	140	4155.01	20211204	141	4150.65	1	-4.36	ETH-USDT-SWAP	BUY	1638582005317
20211204	143	4160.17	20211204	144	4166.1	1	5.93	ETH-USDT-SWAP	BUY	1638582203136
20211204	144	4167.31	20211204	144	4174.39	1	7.08	ETH-USDT-SWAP	BUY	1638582255099
20211204	145	4168.63	20211204	147	4175	1	6.37	ETH-USDT-SWAP	BUY	1638582328093
20211204	145	4176.5	20211204	145	4170.96	1	5.54	ETH-USDT-SWAP	SELL	1638582307327
20211204	147	4174.48	20211204	149	4180.12	1	5.64	ETH-USDT-SWAP	BUY	1638582463589
20211204	149	4179.35	20211204	150	4173.69	1	-5.66	ETH-USDT-SWAP	BUY	1638582582658
20211204	153	4164.4	20211204	154	4160.19	1	-4.21	ETH-USDT-SWAP	BUY	1638582804829
20211204	154	4170	20211204	157	4175.54	1	5.54	ETH-USDT-SWAP	BUY	1638582899366
20211204	157	4174.62	20211204	200	4169.08	1	5.54	ETH-USDT-SWAP	SELL	1638583078825
20211204	201	4169.07	20211204	201	4177.2	1	8.13	ETH-USDT-SWAP	BUY	1638583268864
20211204	204	4182.29	20211204	205	4174.21	1	8.08	ETH-USDT-SWAP	SELL	1638583472061
20211204	206	4172.33	20211204	207	4166.82	1	5.51	ETH-USDT-SWAP	SELL	1638583568872
20211204	207	4167.38	20211204	208	4156.8	1	-10.58	ETH-USDT-SWAP	BUY	1638583634426
20211204	208	4156.79	20211204	210	4148.32	1	8.47	ETH-USDT-SWAP	SELL	1638583697452
20211204	210	4149.39	20211204	211	4155.12	1	5.73	ETH-USDT-SWAP	BUY	1638583836703
20211204	213	4155.74	20211204	214	4149	1	6.74	ETH-USDT-SWAP	SELL	1638584027568
20211204	215	4148.79	20211204	217	4153.67	1	4.88	ETH-USDT-SWAP	BUY	1638584100047
20211204	218	4159.44	20211204	219	4153.6	1	-5.84	ETH-USDT-SWAP	BUY	1638584289023
20211204	219	4152.27	20211204	221	4158.73	1	6.46	ETH-USDT-SWAP	BUY	1638584372603
20211204	222	4159.74	20211204	222	4152.79	1	6.95	ETH-USDT-SWAP	SELL	1638584528802
20211204	224	4147.16	20211204	224	4141.88	1	-5.28	ETH-USDT-SWAP	BUY	1638584653841
20211204	227	4137.03	20211204	230	4140.72	1	3.69	ETH-USDT-SWAP	BUY	1638584863132
20211204	230	4140.72	20211204	231	4136.02	1	-4.7	ETH-USDT-SWAP	BUY	1638585051454
20211204	232	4131.27	20211204	233	4142	1	-10.73	ETH-USDT-SWAP	SELL	1638585126366
20211204	233	4141.76	20211204	236	4136.89	1	-4.87	ETH-USDT-SWAP	BUY	1638585210422
20211204	237	4144.44	20211204	238	4149.9	1	5.46	ETH-USDT-SWAP	BUY	1638585432606
20211204	240	4145.47	20211204	241	4151.75	1	-6.28	ETH-USDT-SWAP	SELL	1638585631010
20211204	241	4153	20211204	243	4147.51	1	-5.49	ETH-USDT-SWAP	BUY	1638585694140
20211204	244	4153.19	20211204	247	4157.75	1	-4.56	ETH-USDT-SWAP	SELL	1638585896736
20211204	250	4161.96	20211204	251	4167.3	1	-5.34	ETH-USDT-SWAP	SELL	1638586229882
20211204	251	4167.78	20211204	252	4162.6	1	-5.18	ETH-USDT-SWAP	BUY	1638586274034
20211204	252	4162.2	20211204	255	4167.42	1	5.22	ETH-USDT-SWAP	BUY	1638586347026
20211204	257	4163.8	20211204	300	4163.21	1	-0.59	ETH-USDT-SWAP	BUY	1638586657514
20211204	300	4163.2	20211204	301	4158.04	1	-5.16	ETH-USDT-SWAP	BUY	1638586847844
20211204	301	4157.91	20211204	301	4152.4	1	-5.51	ETH-USDT-SWAP	BUY	1638586889704
20211204	302	4153.42	20211204	304	4146.5	1	6.92	ETH-USDT-SWAP	SELL	1638586920825
20211204	304	4145.85	20211204	307	4146.86	1	1.01	ETH-USDT-SWAP	BUY	1638587088583
20211204	307	4147.15	20211204	308	4141.15	1	6	ETH-USDT-SWAP	SELL	1638587277338
20211204	308	4140.34	20211204	311	4140.11	1	0.23	ETH-USDT-SWAP	SELL	1638587308854
20211204	317	4135.2	20211204	319	4131	1	-4.2	ETH-USDT-SWAP	BUY	1638587872230
20211204	320	4130.01	20211204	320	4111.5	1	-18.51	ETH-USDT-SWAP	BUY	1638588009592
20211204	321	4113.07	20211204	322	4101.42	1	-11.65	ETH-USDT-SWAP	BUY	1638588060521
20211204	324	4093.25	20211204	325	4097.51	1	-4.26	ETH-USDT-SWAP	SELL	1638588289755
20211204	324	4095.55	20211204	324	4085.75	1	-9.8	ETH-USDT-SWAP	BUY	1638588258308
20211204	325	4092.2	20211204	326	4087.19	1	-5.01	ETH-USDT-SWAP	BUY	1638588351895
20211204	325	4098.5	20211204	325	4088.34	1	-10.16	ETH-USDT-SWAP	BUY	1638588320872
20211204	327	4092.87	20211204	327	4099.05	1	-6.18	ETH-USDT-SWAP	SELL	1638588426575
20211204	327	4098.03	20211204	328	4104.43	1	-6.4	ETH-USDT-SWAP	SELL	1638588468692
20211204	328	4097.34	20211204	329	4102.07	1	-4.73	ETH-USDT-SWAP	SELL	1638588501010
20211204	333	4110	20211204	335	4115.8	1	-5.8	ETH-USDT-SWAP	SELL	1638588839484
20211204	335	4114.52	20211204	336	4107.96	1	6.56	ETH-USDT-SWAP	SELL	1638588923114
20211204	336	4106.49	20211204	339	4101.52	1	-4.97	ETH-USDT-SWAP	BUY	1638589016800
20211204	339	4103.06	20211204	340	4097.66	1	5.4	ETH-USDT-SWAP	SELL	1638589173282
20211204	342	4102.47	20211204	344	4097.46	1	-5.01	ETH-USDT-SWAP	BUY	1638589371408
20211204	344	4094.69	20211204	345	4087.01	1	7.68	ETH-USDT-SWAP	SELL	1638589486090
20211204	345	4089.48	20211204	346	4084.21	1	-5.27	ETH-USDT-SWAP	BUY	1638589548684
20211204	349	4094.22	20211204	352	4087.21	1	-7.01	ETH-USDT-SWAP	BUY	1638589768345
20211204	352	4087.29	20211204	352	4080	1	-7.29	ETH-USDT-SWAP	BUY	1638589946666
20211204	353	4084.16	20211204	356	4080.39	1	-3.77	ETH-USDT-SWAP	BUY	1638590009394
20211204	356	4069.47	20211204	357	4076	1	6.53	ETH-USDT-SWAP	BUY	1638590218533
20211204	356	4076.6	20211204	356	4068.26	1	8.34	ETH-USDT-SWAP	SELL	1638590197590
20211204	357	4067.14	20211204	358	4075.42	1	-8.28	ETH-USDT-SWAP	SELL	1638590270499
20211204	358	4061.99	20211204	400	4067.35	1	-5.36	ETH-USDT-SWAP	SELL	1638590333732
20211204	400	4070.79	20211204	401	4061.72	1	9.07	ETH-USDT-SWAP	SELL	1638590459685
20211204	402	4064.11	20211204	402	4073.48	1	-9.37	ETH-USDT-SWAP	SELL	1638590522772
20211204	402	4065.9	20211204	403	4058.96	1	6.94	ETH-USDT-SWAP	SELL	1638590543059
20211204	403	4059.23	20211204	404	4068.12	1	-8.89	ETH-USDT-SWAP	SELL	1638590636551
20211204	404	4065.68	20211204	406	4071.69	1	-6.01	ETH-USDT-SWAP	SELL	1638590657786
20211204	407	4081.45	20211204	409	4087.41	1	5.96	ETH-USDT-SWAP	BUY	1638590824310
20211204	409	4087	20211204	409	4091.26	1	-4.26	ETH-USDT-SWAP	SELL	1638590960091
20211204	409	4094.71	20211204	411	4098.93	1	-4.22	ETH-USDT-SWAP	SELL	1638590981156
20211204	411	4102.63	20211204	414	4104.14	1	1.51	ETH-USDT-SWAP	BUY	1638591095782
20211204	420	4107.61	20211204	421	4112.62	1	-5.01	ETH-USDT-SWAP	SELL	1638591639361
20211204	423	4110.37	20211204	424	4114.74	1	-4.37	ETH-USDT-SWAP	SELL	1638591838427
20211204	425	4115	20211204	425	4108.62	1	-6.38	ETH-USDT-SWAP	BUY	1638591900952
20211204	427	4093.57	20211204	429	4089.43	1	-4.14	ETH-USDT-SWAP	BUY	1638592067505
20211204	429	4088.21	20211204	430	4094.33	1	6.12	ETH-USDT-SWAP	BUY	1638592161667
20211204	431	4101.28	20211204	432	4093.21	1	8.07	ETH-USDT-SWAP	SELL	1638592300110
20211204	433	4083.79	20211204	434	4079.64	1	-4.15	ETH-USDT-SWAP	BUY	1638592381183
20211204	434	4086.66	20211204	436	4079.62	1	-7.04	ETH-USDT-SWAP	BUY	1638592497591
20211204	436	4076.79	20211204	438	4071.3	1	5.49	ETH-USDT-SWAP	SELL	1638592613267
20211204	439	4072.21	20211204	440	4076.7	1	-4.49	ETH-USDT-SWAP	SELL	1638592748863
20211204	440	4077.48	20211204	441	4083.83	1	6.35	ETH-USDT-SWAP	BUY	1638592844292
20211204	440	4079.91	20211204	440	4075.38	1	-4.53	ETH-USDT-SWAP	BUY	1638592821497
20211204	441	4081.24	20211204	441	4075.12	1	6.12	ETH-USDT-SWAP	SELL	1638592885730
20211204	443	4060.74	20211204	445	4069.13	1	8.39	ETH-USDT-SWAP	BUY	1638593034128
20211204	443	4069.65	20211204	443	4064.47	1	-5.18	ETH-USDT-SWAP	BUY	1638592991175
20211204	446	4077.16	20211204	448	4083.73	1	-6.57	ETH-USDT-SWAP	SELL	1638593196434
20211204	448	4082.66	20211204	451	4076.82	1	5.84	ETH-USDT-SWAP	SELL	1638593332158
20211204	451	4074.02	20211204	452	4063.88	1	10.14	ETH-USDT-SWAP	SELL	1638593479302
20211204	452	4054.38	20211204	453	4047.84	1	6.54	ETH-USDT-SWAP	SELL	1638593563634
20211204	452	4064.2	20211204	452	4058.34	1	-5.86	ETH-USDT-SWAP	BUY	1638593532071
20211204	453	4047.96	20211204	453	4028	1	19.96	ETH-USDT-SWAP	SELL	1638593625483
20211204	454	4016.2	20211204	454	4009.61	1	6.59	ETH-USDT-SWAP	SELL	1638593646573
20211204	455	3994.59	20211204	455	4005.27	1	10.68	ETH-USDT-SWAP	BUY	1638593709264
20211204	456	4005.11	20211204	456	3974.8	1	30.31	ETH-USDT-SWAP	SELL	1638593782165
20211204	456	4009.49	20211204	456	4029.87	1	-20.38	ETH-USDT-SWAP	SELL	1638593803676
20211204	457	4007.22	20211204	457	4032.6	1	-25.38	ETH-USDT-SWAP	SELL	1638593825860
20211204	457	4024.29	20211204	457	4034.5	1	-10.21	ETH-USDT-SWAP	SELL	1638593846441
20211204	457	4026.63	20211204	458	4019	1	7.63	ETH-USDT-SWAP	SELL	1638593867223
20211204	459	4018.45	20211204	500	4024.51	1	6.06	ETH-USDT-SWAP	BUY	1638593940047
20211204	501	4031.51	20211204	501	4019.74	1	11.77	ETH-USDT-SWAP	SELL	1638594064461
20211204	503	3920	20211204	503	3883.33	1	-36.67	ETH-USDT-SWAP	BUY	1638594222243
20211204	503	3951.51	20211204	503	3946.31	1	-5.2	ETH-USDT-SWAP	BUY	1638594189784
20211204	504	3837.18	20211204	504	3874.77	1	-37.59	ETH-USDT-SWAP	SELL	1638594243446
20211204	504	3841.56	20211204	504	3849.33	1	7.77	ETH-USDT-SWAP	BUY	1638594263795
20211204	504	3869.91	20211204	504	3899.93	1	-30.02	ETH-USDT-SWAP	SELL	1638594284945
20211204	505	3886.92	20211204	505	3892.21	1	-5.29	ETH-USDT-SWAP	SELL	1638594326320
20211204	505	3890.43	20211204	505	3920.53	1	-30.1	ETH-USDT-SWAP	SELL	1638594305763
20211204	505	3906.48	20211204	505	3913.62	1	-7.14	ETH-USDT-SWAP	SELL	1638594346995
20211204	506	3913.45	20211204	506	3904.56	1	-8.89	ETH-USDT-SWAP	BUY	1638594369776
20211204	506	3917.51	20211204	506	3924	1	-6.49	ETH-USDT-SWAP	SELL	1638594390570
20211204	506	3925.59	20211204	507	3914.77	1	10.82	ETH-USDT-SWAP	SELL	1638594411404
20211204	507	3886.43	20211204	508	3872.34	1	14.09	ETH-USDT-SWAP	SELL	1638594473905
20211204	507	3905.16	20211204	507	3886.03	1	19.13	ETH-USDT-SWAP	SELL	1638594432100
20211204	508	3874.15	20211204	508	3863.94	1	10.21	ETH-USDT-SWAP	SELL	1638594494592
20211204	508	3889.75	20211204	509	3905.36	1	-15.61	ETH-USDT-SWAP	SELL	1638594537383
20211204	509	3918.29	20211204	509	3925.7	1	7.41	ETH-USDT-SWAP	BUY	1638594558283
20211204	510	3937.01	20211204	510	3942.44	1	5.43	ETH-USDT-SWAP	BUY	1638594610000
20211204	511	3937.21	20211204	511	3930.52	1	-6.69	ETH-USDT-SWAP	BUY	1638594693256
20211204	512	3916.13	20211204	512	3908.26	1	7.87	ETH-USDT-SWAP	SELL	1638594755494
20211204	512	3932.63	20211204	512	3924.03	1	-8.6	ETH-USDT-SWAP	BUY	1638594724847
20211204	513	3904.12	20211204	514	3911.64	1	7.52	ETH-USDT-SWAP	BUY	1638594839039
20211204	513	3905	20211204	513	3899.98	1	-5.02	ETH-USDT-SWAP	BUY	1638594797614
20211204	514	3900.25	20211204	515	3878.59	1	21.66	ETH-USDT-SWAP	SELL	1638594890911
20211204	514	3911.18	20211204	514	3902.11	1	-9.07	ETH-USDT-SWAP	BUY	1638594859717
20211204	515	3897.38	20211204	515	3904.6	1	-7.22	ETH-USDT-SWAP	SELL	1638594922680
20211204	516	3904.6	20211204	516	3900.59	1	-4.01	ETH-USDT-SWAP	BUY	1638595007444
20211204	516	3907.19	20211204	516	3898.61	1	8.58	ETH-USDT-SWAP	SELL	1638594975899
20211204	517	3900.01	20211204	518	3894.55	1	5.46	ETH-USDT-SWAP	SELL	1638595059080
20211204	517	3906.33	20211204	517	3900.79	1	5.54	ETH-USDT-SWAP	SELL	1638595028159
20211204	518	3899.29	20211204	519	3893.68	1	-5.61	ETH-USDT-SWAP	BUY	1638595132202
20211204	520	3904.79	20211204	521	3892.47	1	-12.32	ETH-USDT-SWAP	BUY	1638595215211
20211204	521	3800.5	20211204	522	3749.61	1	50.89	ETH-USDT-SWAP	SELL	1638595310911
20211204	521	3868.39	20211204	521	3850	1	18.39	ETH-USDT-SWAP	SELL	1638595279566
20211204	522	3787.21	20211204	522	3765.89	1	-21.32	ETH-USDT-SWAP	BUY	1638595332001
20211204	523	3765.78	20211204	523	3773.35	1	-7.57	ETH-USDT-SWAP	SELL	1638595383913
20211204	523	3767.94	20211204	523	3783.52	1	-15.58	ETH-USDT-SWAP	SELL	1638595426535
20211204	524	3748.4	20211204	525	3728.55	1	19.85	ETH-USDT-SWAP	SELL	1638595490069
20211204	524	3774.59	20211204	524	3755.44	1	19.15	ETH-USDT-SWAP	SELL	1638595469440
20211204	524	3782.49	20211204	524	3789.03	1	6.54	ETH-USDT-SWAP	BUY	1638595447953
20211204	525	3649.09	20211204	526	3626.2	1	22.89	ETH-USDT-SWAP	SELL	1638595554150
20211204	525	3715.61	20211204	525	3695.95	1	-19.66	ETH-USDT-SWAP	BUY	1638595533977
20211204	526	3568.82	20211204	526	3555.23	1	13.59	ETH-USDT-SWAP	SELL	1638595585388
20211204	526	3588.73	20211204	527	3568.6	1	-20.13	ETH-USDT-SWAP	BUY	1638595610020
20211204	527	3405.18	20211204	528	3437.57	1	32.39	ETH-USDT-SWAP	BUY	1638595673745
20211204	527	3504.55	20211204	527	3493.36	1	11.19	ETH-USDT-SWAP	SELL	1638595652709
20211204	527	3581.29	20211204	527	3528.4	1	52.89	ETH-USDT-SWAP	SELL	1638595631766
20211204	528	3547.07	20211204	528	3531.79	1	15.28	ETH-USDT-SWAP	SELL	1638595695246
20211204	528	3571.21	20211204	528	3610.92	1	-39.71	ETH-USDT-SWAP	SELL	1638595716090
20211204	528	3595.96	20211204	529	3551.85	1	44.11	ETH-USDT-SWAP	SELL	1638595736507
20211204	529	3607.68	20211204	529	3645.23	1	37.55	ETH-USDT-SWAP	BUY	1638595757364
20211204	530	3661.4	20211204	530	3674.71	1	-13.31	ETH-USDT-SWAP	SELL	1638595832178
20211204	531	3675.21	20211204	531	3685.99	1	-10.78	ETH-USDT-SWAP	SELL	1638595864237
20211204	531	3707.58	20211204	532	3721.08	1	-13.5	ETH-USDT-SWAP	SELL	1638595918166
20211204	532	3722.64	20211204	532	3693.86	1	28.78	ETH-USDT-SWAP	SELL	1638595938624
20211204	532	3731.51	20211204	532	3709.36	1	22.15	ETH-USDT-SWAP	SELL	1638595959403
20211204	533	3687.8	20211204	533	3715.19	1	-27.39	ETH-USDT-SWAP	SELL	1638596024478
20211204	533	3702.32	20211204	533	3678.01	1	-24.31	ETH-USDT-SWAP	BUY	1638596002796
20211204	533	3718.11	20211204	533	3725.33	1	-7.22	ETH-USDT-SWAP	SELL	1638595981434
20211204	534	3695.24	20211204	534	3701.3	1	6.06	ETH-USDT-SWAP	BUY	1638596066420
20211204	534	3711.56	20211204	535	3692.9	1	18.66	ETH-USDT-SWAP	SELL	1638596097416
20211204	534	3725.57	20211204	534	3717.58	1	-7.99	ETH-USDT-SWAP	BUY	1638596045586
20211204	535	3702.89	20211204	535	3713.17	1	-10.28	ETH-USDT-SWAP	SELL	1638596118331
20211204	535	3715.51	20211204	536	3711.79	1	-3.72	ETH-USDT-SWAP	BUY	1638596141367
20211204	536	3694.36	20211204	536	3707.46	1	13.1	ETH-USDT-SWAP	BUY	1638596204059
20211204	536	3711.14	20211204	536	3697.29	1	13.85	ETH-USDT-SWAP	SELL	1638596172650
20211204	537	3705.19	20211204	537	3709.93	1	-4.74	ETH-USDT-SWAP	SELL	1638596225011
20211204	537	3712.52	20211204	537	3718.83	1	-6.31	ETH-USDT-SWAP	SELL	1638596258806
20211204	537	3727.8	20211204	538	3738.06	1	-10.26	ETH-USDT-SWAP	SELL	1638596279148
20211204	538	3729.36	20211204	538	3733.95	1	-4.59	ETH-USDT-SWAP	SELL	1638596300140
20211204	538	3738.4	20211204	539	3744.49	1	-6.09	ETH-USDT-SWAP	SELL	1638596321585
20211204	539	3738.12	20211204	540	3752.79	1	-14.67	ETH-USDT-SWAP	SELL	1638596395421
20211204	539	3754.6	20211204	539	3746	1	8.6	ETH-USDT-SWAP	SELL	1638596373786
20211204	540	3752.32	20211204	540	3758	1	-5.68	ETH-USDT-SWAP	SELL	1638596426880
20211204	540	3766.02	20211204	541	3761.87	1	-4.15	ETH-USDT-SWAP	BUY	1638596458032
20211204	541	3754.63	20211204	542	3747.38	1	7.25	ETH-USDT-SWAP	SELL	1638596511489
20211204	541	3763.32	20211204	541	3751.81	1	-11.51	ETH-USDT-SWAP	BUY	1638596479048
20211204	542	3741.8	20211204	542	3750.6	1	8.8	ETH-USDT-SWAP	BUY	1638596532194
20211204	543	3750.5	20211204	544	3758.79	1	8.29	ETH-USDT-SWAP	BUY	1638596626869
20211204	544	3750.24	20211204	544	3744.17	1	-6.07	ETH-USDT-SWAP	BUY	1638596659221
20211204	545	3739.68	20211204	545	3752.07	1	-12.39	ETH-USDT-SWAP	SELL	1638596732116
20211204	546	3742.6	20211204	546	3752.35	1	-9.75	ETH-USDT-SWAP	SELL	1638596773626
20211204	547	3763.8	20211204	548	3769.39	1	5.59	ETH-USDT-SWAP	BUY	1638596878157
20211204	548	3773.37	20211204	548	3781.4	1	-8.03	ETH-USDT-SWAP	SELL	1638596898884
20211204	548	3782.53	20211204	548	3792.28	1	9.75	ETH-USDT-SWAP	BUY	1638596920720
20211204	549	3793.96	20211204	549	3799.96	1	-6	ETH-USDT-SWAP	SELL	1638596942424
20211204	550	3786.22	20211204	550	3780.69	1	5.53	ETH-USDT-SWAP	SELL	1638597015594
20211204	551	3760.85	20211204	551	3765.25	1	-4.4	ETH-USDT-SWAP	SELL	1638597098774
20211204	551	3765	20211204	552	3757.7	1	7.3	ETH-USDT-SWAP	SELL	1638597119331
20211204	552	3752.69	20211204	552	3763.46	1	-10.77	ETH-USDT-SWAP	SELL	1638597151773
20211204	553	3784.52	20211204	553	3789.74	1	-5.22	ETH-USDT-SWAP	SELL	1638597193656
20211204	605	3834	20211204	606	3824.37	1	9.63	ETH-USDT-SWAP	SELL	1638597948171
20211204	606	3822.75	20211204	606	3815.33	1	-7.42	ETH-USDT-SWAP	BUY	1638597990107
20211204	607	3817.81	20211204	607	3831.67	1	-13.86	ETH-USDT-SWAP	SELL	1638598021275
20211204	607	3830.48	20211204	607	3837.41	1	-6.93	ETH-USDT-SWAP	SELL	1638598053463
20211204	607	3836.17	20211204	608	3840.11	1	-3.94	ETH-USDT-SWAP	SELL	1638598074789
20211204	608	3826.81	20211204	609	3817.8	1	9.01	ETH-USDT-SWAP	SELL	1638598139669
20211204	608	3835	20211204	608	3827.92	1	-7.08	ETH-USDT-SWAP	BUY	1638598108544
20211204	609	3818.26	20211204	609	3825.38	1	7.12	ETH-USDT-SWAP	BUY	1638598161311
20211204	609	3823.67	20211204	610	3814.28	1	9.39	ETH-USDT-SWAP	SELL	1638598183441
20211204	610	3812.47	20211204	611	3807.14	1	-5.33	ETH-USDT-SWAP	BUY	1638598245516
20211204	611	3802.09	20211204	612	3791.43	1	10.66	ETH-USDT-SWAP	SELL	1638598318654
20211204	612	3801.68	20211204	612	3808.5	1	-6.82	ETH-USDT-SWAP	SELL	1638598349845
20211204	612	3808.45	20211204	613	3799.36	1	9.09	ETH-USDT-SWAP	SELL	1638598370886
20211204	613	3796.89	20211204	614	3791.82	1	5.07	ETH-USDT-SWAP	SELL	1638598402239
20211204	614	3817.74	20211204	614	3806.61	1	11.13	ETH-USDT-SWAP	SELL	1638598474762
20211204	615	3809.88	20211204	615	3820	1	10.12	ETH-USDT-SWAP	BUY	1638598506191
20211204	615	3824.71	20211204	616	3818.45	1	6.26	ETH-USDT-SWAP	SELL	1638598527325
20211204	616	3827.19	20211204	617	3820.39	1	6.8	ETH-USDT-SWAP	SELL	1638598599949
20211204	617	3822.76	20211204	617	3829	1	6.24	ETH-USDT-SWAP	BUY	1638598662713
20211204	618	3831.03	20211204	618	3839.02	1	7.99	ETH-USDT-SWAP	BUY	1638598683421
20211204	618	3831.64	20211204	619	3842.98	1	-11.34	ETH-USDT-SWAP	SELL	1638598704099
20211204	620	3852.02	20211204	620	3859.14	1	7.12	ETH-USDT-SWAP	BUY	1638598829213
20211204	621	3861	20211204	621	3855.94	1	5.06	ETH-USDT-SWAP	SELL	1638598861037
20211204	622	3854.16	20211204	622	3860.64	1	-6.48	ETH-USDT-SWAP	SELL	1638598934272
20211204	622	3860.56	20211204	623	3853.27	1	-7.29	ETH-USDT-SWAP	BUY	1638598965932
20211204	623	3851.39	20211204	624	3858.27	1	-6.88	ETH-USDT-SWAP	SELL	1638599030390
20211204	623	3860.82	20211204	623	3854.98	1	-5.84	ETH-USDT-SWAP	BUY	1638598999044
20211204	625	3874.21	20211204	625	3879.99	1	5.78	ETH-USDT-SWAP	BUY	1638599134348
20211204	625	3879.77	20211204	626	3874.48	1	-5.29	ETH-USDT-SWAP	BUY	1638599155303
20211204	626	3868.29	20211204	626	3876.05	1	7.76	ETH-USDT-SWAP	BUY	1638599197226
20211204	626	3875.68	20211204	628	3888.81	1	-13.13	ETH-USDT-SWAP	SELL	1638599218189
20211204	628	3887.06	20211204	631	3881.31	1	-5.75	ETH-USDT-SWAP	BUY	1638599322502
20211204	632	3891.3	20211204	633	3896.51	1	5.21	ETH-USDT-SWAP	BUY	1638599563386
20211204	633	3902.02	20211204	633	3910.5	1	-8.48	ETH-USDT-SWAP	SELL	1638599594821
20211204	634	3907.5	20211204	635	3903.1	1	-4.4	ETH-USDT-SWAP	BUY	1638599678093
20211204	635	3909.26	20211204	636	3916.91	1	7.65	ETH-USDT-SWAP	BUY	1638599741024
20211204	638	3915.02	20211204	639	3909.6	1	-5.42	ETH-USDT-SWAP	BUY	1638599928883
20211204	638	3925.84	20211204	638	3918.46	1	7.38	ETH-USDT-SWAP	SELL	1638599887411
20211204	639	3907.65	20211204	640	3901	1	6.65	ETH-USDT-SWAP	SELL	1638599980777
20211204	640	3895	20211204	641	3888.05	1	-6.95	ETH-USDT-SWAP	BUY	1638600033872
20211204	642	3891.16	20211204	642	3901.19	1	10.03	ETH-USDT-SWAP	BUY	1638600127125
20211204	642	3906.86	20211204	643	3911.15	1	-4.29	ETH-USDT-SWAP	SELL	1638600147653
20211204	643	3906.31	20211204	644	3900.86	1	5.45	ETH-USDT-SWAP	SELL	1638600200375
20211204	644	3900.98	20211204	645	3909.98	1	-9	ETH-USDT-SWAP	SELL	1638600273373
20211204	645	3898.69	20211204	646	3904	1	5.31	ETH-USDT-SWAP	BUY	1638600314900
20211204	647	3890.27	20211204	647	3883.16	1	-7.11	ETH-USDT-SWAP	BUY	1638600430368
20211204	648	3902.02	20211204	649	3909.2	1	-7.18	ETH-USDT-SWAP	SELL	1638600534295
20211204	649	3905.13	20211204	650	3910.02	1	-4.89	ETH-USDT-SWAP	SELL	1638600586785
20211204	650	3906.54	20211204	651	3901.43	1	-5.11	ETH-USDT-SWAP	BUY	1638600659897
20211204	651	3903.93	20211204	651	3899.35	1	-4.58	ETH-USDT-SWAP	BUY	1638600701851
20211204	652	3901.09	20211204	653	3895.82	1	5.27	ETH-USDT-SWAP	SELL	1638600722582
20211204	733	3868.26	20211204	734	3878.06	1	-9.8	ETH-USDT-SWAP	SELL	1638603231396
20211204	733	3880.77	20211204	733	3871.94	1	8.83	ETH-USDT-SWAP	SELL	1638603201601
20211204	734	3879.52	20211204	734	3888.14	1	-8.62	ETH-USDT-SWAP	SELL	1638603252333
20211204	735	3888.62	20211204	735	3892.9	1	-4.28	ETH-USDT-SWAP	SELL	1638603304077
20211204	737	3880.74	20211204	737	3875.93	1	-4.81	ETH-USDT-SWAP	BUY	1638603441566
20211204	737	3880.76	20211204	738	3867.87	1	12.89	ETH-USDT-SWAP	SELL	1638603463016
20211204	738	3863.85	20211204	738	3870.13	1	-6.28	ETH-USDT-SWAP	SELL	1638603504415
20211204	738	3865.82	20211204	741	3872.42	1	-6.6	ETH-USDT-SWAP	SELL	1638603525232
20211204	741	3870.76	20211204	742	3863.22	1	7.54	ETH-USDT-SWAP	SELL	1638603694137
20211204	742	3858.93	20211204	743	3873.27	1	-14.34	ETH-USDT-SWAP	SELL	1638603767946
20211204	742	3865.56	20211204	742	3860.32	1	5.24	ETH-USDT-SWAP	SELL	1638603735961
20211204	744	3871.28	20211204	745	3864.87	1	6.41	ETH-USDT-SWAP	SELL	1638603896725
20211204	744	3871.65	20211204	744	3862.52	1	9.13	ETH-USDT-SWAP	SELL	1638603843931
20211204	745	3852.19	20211204	746	3845.43	1	6.76	ETH-USDT-SWAP	SELL	1638603959137
20211204	745	3862	20211204	745	3854.86	1	7.14	ETH-USDT-SWAP	SELL	1638603917926
20211204	746	3846.85	20211204	747	3841.41	1	5.44	ETH-USDT-SWAP	SELL	1638604013830
20211204	747	3843.04	20211204	748	3848	1	-4.96	ETH-USDT-SWAP	SELL	1638604067235
20211204	748	3848.1	20211204	749	3841.82	1	6.28	ETH-USDT-SWAP	SELL	1638604100480
20211204	749	3847.66	20211204	749	3837.51	1	10.15	ETH-USDT-SWAP	SELL	1638604173828
20211204	750	3836.26	20211204	750	3847.32	1	-11.06	ETH-USDT-SWAP	SELL	1638604205838
20211204	755	3861.9	20211204	755	3866.43	1	-4.53	ETH-USDT-SWAP	SELL	1638604524335
20211204	755	3865.23	20211204	756	3869.33	1	-4.1	ETH-USDT-SWAP	SELL	1638604555658
20211204	758	3882.33	20211204	759	3886.54	1	-4.21	ETH-USDT-SWAP	SELL	1638604723395
20211204	801	3885.52	20211204	801	3891.11	1	5.59	ETH-USDT-SWAP	BUY	1638604882448
20211204	801	3891.44	20211204	803	3895.81	1	-4.37	ETH-USDT-SWAP	SELL	1638604913885
20211204	804	3899.6	20211204	805	3910.51	1	10.91	ETH-USDT-SWAP	BUY	1638605069888
20211204	808	3919.3	20211204	809	3924.58	1	5.28	ETH-USDT-SWAP	BUY	1638605293045
20211204	816	3914.28	20211204	817	3919.57	1	-5.29	ETH-USDT-SWAP	SELL	1638605809279
20211204	839	3956.6	20211204	840	3951.94	1	-4.66	ETH-USDT-SWAP	BUY	1638607194191
20211204	841	3945.76	20211204	844	3948.43	1	2.67	ETH-USDT-SWAP	BUY	1638607309300
20211204	847	3947.21	20211204	847	3940.77	1	6.44	ETH-USDT-SWAP	SELL	1638607623617
20211204	848	3939.64	20211204	849	3944.27	1	-4.63	ETH-USDT-SWAP	SELL	1638607738141
20211204	848	3943.62	20211204	848	3935.87	1	7.75	ETH-USDT-SWAP	SELL	1638607686064
20211204	850	3942.38	20211204	850	3936.87	1	5.51	ETH-USDT-SWAP	SELL	1638607800496
20211204	851	3942	20211204	851	3946	1	-4	ETH-USDT-SWAP	SELL	1638607884944
20211204	855	3939.88	20211204	858	3935.18	1	-4.7	ETH-USDT-SWAP	BUY	1638608155432
20211204	858	3934.11	20211204	859	3928.01	1	6.1	ETH-USDT-SWAP	SELL	1638608312156
20211204	859	3934.91	20211204	900	3928.87	1	6.04	ETH-USDT-SWAP	SELL	1638608374654
20211204	900	3932.75	20211204	902	3937.43	1	-4.68	ETH-USDT-SWAP	SELL	1638608447208
20211204	902	3933.3	20211204	903	3939.56	1	-6.26	ETH-USDT-SWAP	SELL	1638608551517
20211204	904	3941.11	20211204	907	3943.38	1	-2.27	ETH-USDT-SWAP	SELL	1638608655943
20211204	909	3933.07	20211204	910	3926.54	1	6.53	ETH-USDT-SWAP	SELL	1638608990450
20211204	909	3943.46	20211204	909	3937.1	1	-6.36	ETH-USDT-SWAP	BUY	1638608948632
20211204	910	3928.64	20211204	911	3923.04	1	5.6	ETH-USDT-SWAP	SELL	1638609042785
20211204	911	3925.11	20211204	912	3919.97	1	5.14	ETH-USDT-SWAP	SELL	1638609095080
20211204	912	3920.42	20211204	914	3925.63	1	-5.21	ETH-USDT-SWAP	SELL	1638609178237
20211204	914	3925.62	20211204	916	3918.33	1	7.29	ETH-USDT-SWAP	SELL	1638609282349
20211204	916	3912.95	20211204	919	3919.49	1	-6.54	ETH-USDT-SWAP	SELL	1638609418015
20211204	916	3918.62	20211204	916	3911.6	1	7.02	ETH-USDT-SWAP	SELL	1638609386888
20211204	919	3919.58	20211204	919	3913.76	1	5.82	ETH-USDT-SWAP	SELL	1638609564176
20211204	921	3919.5	20211204	922	3914.15	1	5.35	ETH-USDT-SWAP	SELL	1638609678759
20211204	923	3919.99	20211204	923	3924.18	1	-4.19	ETH-USDT-SWAP	SELL	1638609803926
20211204	924	3924.43	20211204	925	3917.58	1	6.85	ETH-USDT-SWAP	SELL	1638609845703
20211204	925	3913.19	20211204	926	3908.19	1	-5	ETH-USDT-SWAP	BUY	1638609918741
20211204	926	3908.79	20211204	927	3917.91	1	-9.12	ETH-USDT-SWAP	SELL	1638610004719
20211204	927	3915.72	20211204	927	3920.01	1	-4.29	ETH-USDT-SWAP	SELL	1638610047923
20211204	927	3923.27	20211204	929	3917	1	6.27	ETH-USDT-SWAP	SELL	1638610078914
20211204	930	3916.39	20211204	930	3921.85	1	-5.46	ETH-USDT-SWAP	SELL	1638610203673
20211204	930	3926.02	20211204	930	3930	1	-3.98	ETH-USDT-SWAP	SELL	1638610236060
20211204	931	3936.82	20211204	931	3931.55	1	5.27	ETH-USDT-SWAP	SELL	1638610267370
20211204	933	3935.73	20211204	933	3941.09	1	5.36	ETH-USDT-SWAP	BUY	1638610385273
20211204	933	3940.61	20211204	934	3935.29	1	-5.32	ETH-USDT-SWAP	BUY	1638610437247
20211204	934	3938.62	20211204	937	3939.31	1	0.69	ETH-USDT-SWAP	BUY	1638610458031
20211204	937	3941.69	20211204	938	3946.91	1	5.22	ETH-USDT-SWAP	BUY	1638610652097
20211204	941	3940.6	20211204	941	3934.13	1	6.47	ETH-USDT-SWAP	SELL	1638610876247
20211204	944	3925.72	20211204	947	3921.92	1	3.8	ETH-USDT-SWAP	SELL	1638611048942
20211204	947	3920.37	20211204	949	3913.5	1	6.87	ETH-USDT-SWAP	SELL	1638611237923
20211204	949	3912.99	20211204	950	3919.26	1	-6.27	ETH-USDT-SWAP	SELL	1638611372241
20211204	951	3918.27	20211204	951	3912.15	1	6.12	ETH-USDT-SWAP	SELL	1638611467737
20211204	952	3907.48	20211204	953	3914.3	1	-6.82	ETH-USDT-SWAP	SELL	1638611562859
20211204	953	3915.6	20211204	954	3920.03	1	-4.43	ETH-USDT-SWAP	SELL	1638611594210
20211204	959	3928.05	20211204	1001	3933.82	1	5.77	ETH-USDT-SWAP	BUY	1638611941334
20211204	1001	3933.82	20211204	1002	3927.06	1	-6.76	ETH-USDT-SWAP	BUY	1638612101940
20211204	1002	3921.88	20211204	1002	3913.01	1	-8.87	ETH-USDT-SWAP	BUY	1638612154041
20211204	1003	3911.73	20211204	1004	3919.32	1	7.59	ETH-USDT-SWAP	BUY	1638612186671
20211204	1004	3923.98	20211204	1005	3918.58	1	5.4	ETH-USDT-SWAP	SELL	1638612260372
20211204	1006	3922.14	20211204	1007	3926.85	1	-4.71	ETH-USDT-SWAP	SELL	1638612407601
20211204	1007	3934.13	20211204	1008	3941.65	1	7.52	ETH-USDT-SWAP	BUY	1638612469830
20211204	1009	3940.4	20211204	1010	3946.34	1	5.94	ETH-USDT-SWAP	BUY	1638612573413
20211204	1010	3944.79	20211204	1011	3952.46	1	7.67	ETH-USDT-SWAP	BUY	1638612659189
20211204	1011	3949.04	20211204	1014	3938	1	-11.04	ETH-USDT-SWAP	BUY	1638612711634
20211204	1014	3940.88	20211204	1015	3948.89	1	8.01	ETH-USDT-SWAP	BUY	1638612870676
20211204	1015	3948.76	20211204	1016	3944.32	1	-4.44	ETH-USDT-SWAP	BUY	1638612933087
20211204	1016	3946.82	20211204	1017	3952	1	5.18	ETH-USDT-SWAP	BUY	1638612998202
20211204	1017	3954.5	20211204	1018	3944.63	1	-9.87	ETH-USDT-SWAP	BUY	1638613040051
20211204	1019	3942.01	20211204	1019	3947.19	1	5.18	ETH-USDT-SWAP	BUY	1638613148380
20211204	1019	3946.13	20211204	1020	3940.83	1	-5.3	ETH-USDT-SWAP	BUY	1638613189680
20211204	1020	3936.31	20211204	1021	3930.46	1	-5.85	ETH-USDT-SWAP	BUY	1638613231123
20211204	1022	3927.72	20211204	1025	3928.44	1	-0.72	ETH-USDT-SWAP	SELL	1638613327718
20211204	1025	3927.16	20211204	1026	3931.52	1	-4.36	ETH-USDT-SWAP	SELL	1638613522764
20211204	1026	3932.15	20211204	1027	3936.99	1	-4.84	ETH-USDT-SWAP	SELL	1638613610332
20211204	1027	3936.43	20211204	1027	3930.7	1	5.73	ETH-USDT-SWAP	SELL	1638613642696
20211204	1028	3920.98	20211204	1031	3917.36	1	3.62	ETH-USDT-SWAP	SELL	1638613704898
20211204	1031	3914.03	20211204	1033	3907.77	1	6.26	ETH-USDT-SWAP	SELL	1638613897616
20211204	1034	3906	20211204	1034	3899.5	1	6.5	ETH-USDT-SWAP	SELL	1638614043499
20211204	1035	3903.01	20211204	1035	3910.55	1	-7.54	ETH-USDT-SWAP	SELL	1638614106443
20211204	1035	3905.66	20211204	1035	3899.41	1	6.25	ETH-USDT-SWAP	SELL	1638614127458
20211204	1036	3904.05	20211204	1036	3897.94	1	6.11	ETH-USDT-SWAP	SELL	1638614168760
20211204	1037	3891.46	20211204	1037	3897.92	1	-6.46	ETH-USDT-SWAP	SELL	1638614252869
20211204	1037	3893.99	20211204	1038	3885.69	1	8.3	ETH-USDT-SWAP	SELL	1638614273407
20211204	1038	3888.06	20211204	1039	3892.1	1	-4.04	ETH-USDT-SWAP	SELL	1638614315180
20211204	1039	3893.67	20211204	1039	3887.12	1	6.55	ETH-USDT-SWAP	SELL	1638614368812
20211204	1050	3896.83	20211204	1051	3890.88	1	5.95	ETH-USDT-SWAP	SELL	1638615030659
20211204	1051	3897.37	20211204	1053	3901.35	1	-3.98	ETH-USDT-SWAP	SELL	1638615103602
20211204	1058	3919.35	20211204	1059	3915	1	-4.35	ETH-USDT-SWAP	BUY	1638615500029
20211204	1059	3915.69	20211204	1100	3911.3	1	-4.39	ETH-USDT-SWAP	BUY	1638615562874
20211204	1100	3913.19	20211204	1101	3923.13	1	9.94	ETH-USDT-SWAP	BUY	1638615626753
20211204	1101	3910.25	20211204	1102	3905.07	1	5.18	ETH-USDT-SWAP	SELL	1638615709957
20211204	1101	3919.94	20211204	1101	3910.83	1	9.11	ETH-USDT-SWAP	SELL	1638615689207
20211204	1102	3900	20211204	1104	3905.89	1	-5.89	ETH-USDT-SWAP	SELL	1638615772792
20211204	1104	3901.43	20211204	1105	3907.62	1	-6.19	ETH-USDT-SWAP	SELL	1638615877261
20211204	1104	3908.49	20211204	1104	3901.51	1	6.98	ETH-USDT-SWAP	SELL	1638615856099
20211204	1105	3905.99	20211204	1106	3900.17	1	5.82	ETH-USDT-SWAP	SELL	1638615950205
20211204	1107	3893.62	20211204	1109	3888.27	1	5.35	ETH-USDT-SWAP	SELL	1638616054466
20211204	1109	3887.01	20211204	1109	3891	1	-3.99	ETH-USDT-SWAP	SELL	1638616158994
20211204	1109	3888.3	20211204	1110	3892.94	1	-4.64	ETH-USDT-SWAP	SELL	1638616179644
20211204	1110	3892.69	20211204	1111	3886.82	1	5.87	ETH-USDT-SWAP	SELL	1638616242204
20211204	1111	3886.19	20211204	1112	3892.94	1	-6.75	ETH-USDT-SWAP	SELL	1638616273681
20211204	1112	3891.9	20211204	1113	3896.09	1	-4.19	ETH-USDT-SWAP	SELL	1638616346624
20211204	1114	3892	20211204	1114	3895.99	1	-3.99	ETH-USDT-SWAP	SELL	1638616461363
20211204	1115	3895.99	20211204	1115	3900	1	-4.01	ETH-USDT-SWAP	SELL	1638616503039
20211204	1116	3887.37	20211204	1117	3882.27	1	5.1	ETH-USDT-SWAP	SELL	1638616607351
20211204	1116	3898.75	20211204	1116	3891.22	1	7.53	ETH-USDT-SWAP	SELL	1638616565460
20211204	1117	3883.06	20211204	1119	3889.39	1	-6.33	ETH-USDT-SWAP	SELL	1638616670160
20211204	1119	3890.34	20211204	1120	3895.8	1	-5.46	ETH-USDT-SWAP	SELL	1638616754494
20211204	1121	3879.37	20211204	1122	3883.41	1	-4.04	ETH-USDT-SWAP	SELL	1638616911454
20211204	1129	3881.28	20211204	1130	3887.99	1	6.71	ETH-USDT-SWAP	BUY	1638617370973
20211204	1131	3869.01	20211204	1133	3861.69	1	-7.32	ETH-USDT-SWAP	BUY	1638617506650
20211204	1133	3863.52	20211204	1136	3864.07	1	0.55	ETH-USDT-SWAP	BUY	1638617631789
20211204	1137	3858.59	20211204	1139	3843.27	1	15.32	ETH-USDT-SWAP	SELL	1638617861718
20211204	1137	3860.88	20211204	1137	3854.51	1	6.37	ETH-USDT-SWAP	SELL	1638617820191
20211204	1139	3850.51	20211204	1139	3841.45	1	-9.06	ETH-USDT-SWAP	BUY	1638617976349
20211204	1140	3844.94	20211204	1143	3841.62	1	3.32	ETH-USDT-SWAP	SELL	1638618007684
20211204	1144	3832.63	20211204	1145	3839.2	1	-6.57	ETH-USDT-SWAP	SELL	1638618283510
20211204	1145	3839.75	20211204	1145	3847.7	1	-7.95	ETH-USDT-SWAP	SELL	1638618314510
20211204	1145	3851.21	20211204	1146	3858.21	1	-7	ETH-USDT-SWAP	SELL	1638618335390
20211204	1147	3863.74	20211204	1149	3856.77	1	-6.97	ETH-USDT-SWAP	BUY	1638618461896
20211204	1147	3863.85	20211204	1147	3869.75	1	5.9	ETH-USDT-SWAP	BUY	1638618430436
20211204	1150	3857.22	20211204	1150	3864.99	1	7.77	ETH-USDT-SWAP	BUY	1638618607775
20211204	1150	3867.08	20211204	1152	3873.54	1	6.46	ETH-USDT-SWAP	BUY	1638618628616
20211204	1152	3869.37	20211204	1154	3876.71	1	7.34	ETH-USDT-SWAP	BUY	1638618737149
20211204	1155	3876.54	20211204	1155	3885.53	1	8.99	ETH-USDT-SWAP	BUY	1638618907679
20211204	1155	3886.72	20211204	1155	3880.21	1	-6.51	ETH-USDT-SWAP	BUY	1638618939426
20211204	1156	3880.94	20211204	1156	3887.23	1	6.29	ETH-USDT-SWAP	BUY	1638618961037
20211204	1156	3887.48	20211204	1158	3876.76	1	-10.72	ETH-USDT-SWAP	BUY	1638619003418
20211204	1158	3879	20211204	1158	3872.57	1	-6.43	ETH-USDT-SWAP	BUY	1638619109063
20211204	1159	3874.33	20211204	1200	3881.62	1	7.29	ETH-USDT-SWAP	BUY	1638619141509
20211204	1200	3883.43	20211204	1201	3889.35	1	-5.92	ETH-USDT-SWAP	SELL	1638619248634
20211204	1204	3891.38	20211204	1205	3897.42	1	6.04	ETH-USDT-SWAP	BUY	1638619481407
20211204	1205	3897.6	20211204	1206	3891.06	1	-6.54	ETH-USDT-SWAP	BUY	1638619535099
20211204	1207	3887.53	20211204	1210	3886.42	1	-1.11	ETH-USDT-SWAP	BUY	1638619629642
20211204	1210	3887.78	20211204	1211	3894.74	1	6.96	ETH-USDT-SWAP	BUY	1638619818136
20211204	1214	3915.3	20211204	1217	3917.99	1	2.69	ETH-USDT-SWAP	BUY	1638620073357
20211204	1217	3916.81	20211204	1219	3923.25	1	6.44	ETH-USDT-SWAP	BUY	1638620261325
20211204	1222	3954.21	20211204	1223	3963.61	1	9.4	ETH-USDT-SWAP	BUY	1638620576368
20211204	1225	3955.15	20211204	1226	3949.1	1	-6.05	ETH-USDT-SWAP	BUY	1638620711640
20211204	1226	3945.51	20211204	1227	3951.81	1	6.3	ETH-USDT-SWAP	BUY	1638620794859
20211204	1244	3924.45	20211204	1245	3917.95	1	6.5	ETH-USDT-SWAP	SELL	1638621864279
20211204	1250	3933.18	20211204	1251	3940.46	1	-7.28	ETH-USDT-SWAP	SELL	1638622247879
20211204	1252	3914.16	20211204	1254	3907.29	1	-6.87	ETH-USDT-SWAP	BUY	1638622353407
20211204	1254	3910.01	20211204	1256	3920.65	1	-10.64	ETH-USDT-SWAP	SELL	1638622491483
20211204	1256	3915.55	20211204	1257	3908	1	7.55	ETH-USDT-SWAP	SELL	1638622587502
20211204	1259	3910.09	20211204	1302	3913.26	1	-3.17	ETH-USDT-SWAP	SELL	1638622764232
20211204	1302	3913.01	20211204	1303	3919.79	1	-6.78	ETH-USDT-SWAP	SELL	1638622955301
20211204	1304	3908.44	20211204	1305	3916.13	1	7.69	ETH-USDT-SWAP	BUY	1638623059523
20211204	1305	3914.18	20211204	1306	3908.1	1	6.08	ETH-USDT-SWAP	SELL	1638623123677
20211204	1308	3918.41	20211204	1310	3912	1	6.41	ETH-USDT-SWAP	SELL	1638623324050
20211204	1310	3915.29	20211204	1312	3927	1	11.71	ETH-USDT-SWAP	BUY	1638623451564
20211204	1312	3924.63	20211204	1315	3931.45	1	6.82	ETH-USDT-SWAP	BUY	1638623578743
20211204	1318	3916.26	20211204	1320	3908.97	1	-7.29	ETH-USDT-SWAP	BUY	1638623913395
20211204	1320	3904.55	20211204	1321	3896.38	1	8.17	ETH-USDT-SWAP	SELL	1638624017389
20211204	1321	3900.5	20211204	1322	3906.37	1	-5.87	ETH-USDT-SWAP	SELL	1638624079850
20211204	1322	3903.7	20211204	1323	3912.24	1	-8.54	ETH-USDT-SWAP	SELL	1638624163155
20211204	1328	3923.95	20211204	1330	3933.43	1	9.48	ETH-USDT-SWAP	BUY	1638624528091
20211204	1332	3935.76	20211204	1334	3943.85	1	8.09	ETH-USDT-SWAP	BUY	1638624746699
20211204	1334	3944.81	20211204	1335	3958.77	1	13.96	ETH-USDT-SWAP	BUY	1638624850856
20211204	1335	3952.57	20211204	1338	3954.67	1	2.1	ETH-USDT-SWAP	BUY	1638624913529
20211204	1338	3941.07	20211204	1339	3950	1	8.93	ETH-USDT-SWAP	BUY	1638625132232
20211204	1338	3957.3	20211204	1338	3947.89	1	-9.41	ETH-USDT-SWAP	BUY	1638625100750
20211204	1339	3946.12	20211204	1340	3939.53	1	-6.59	ETH-USDT-SWAP	BUY	1638625173931
20211204	1340	3938	20211204	1341	3951.17	1	13.17	ETH-USDT-SWAP	BUY	1638625247175
20211204	1341	3949.51	20211204	1342	3956.98	1	-7.47	ETH-USDT-SWAP	SELL	1638625288836
20211204	1345	3945.4	20211204	1346	3954.28	1	8.88	ETH-USDT-SWAP	BUY	1638625549319
20211204	1346	3951.64	20211204	1347	3940.3	1	11.34	ETH-USDT-SWAP	SELL	1638625591214
20211204	1347	3942.6	20211204	1349	3949.17	1	6.57	ETH-USDT-SWAP	BUY	1638625674835
20211204	1351	3943.81	20211204	1354	3944.4	1	0.59	ETH-USDT-SWAP	BUY	1638625894794
20211204	1354	3946.74	20211204	1356	3954.37	1	-7.63	ETH-USDT-SWAP	SELL	1638626092594
20211204	1401	3971.61	20211204	1403	3965.25	1	6.36	ETH-USDT-SWAP	SELL	1638626510702
20211204	1403	3966.59	20211204	1405	3956.08	1	-10.51	ETH-USDT-SWAP	BUY	1638626615833
20211204	1405	3954.71	20211204	1408	3951.73	1	2.98	ETH-USDT-SWAP	SELL	1638626720554
20211204	1411	3956	20211204	1414	3963.23	1	-7.23	ETH-USDT-SWAP	SELL	1638627100537
20211204	1414	3968.5	20211204	1416	3959.14	1	9.36	ETH-USDT-SWAP	SELL	1638627261901
20211204	1416	3962.13	20211204	1418	3968.84	1	6.71	ETH-USDT-SWAP	BUY	1638627378020
20211204	1422	3972.62	20211204	1425	3975.62	1	-3	ETH-USDT-SWAP	SELL	1638627769809
20211204	1430	3973.59	20211204	1433	3969.75	1	-3.84	ETH-USDT-SWAP	BUY	1638628209690
20211204	1433	3973.53	20211204	1434	3965.43	1	-8.1	ETH-USDT-SWAP	BUY	1638628399720
20211204	1437	3961.66	20211204	1440	3964.57	1	-2.91	ETH-USDT-SWAP	SELL	1638628665734
20211204	1444	3985	20211204	1445	3993.4	1	8.4	ETH-USDT-SWAP	BUY	1638629071155
20211204	1445	3991.22	20211204	1447	3997.46	1	6.24	ETH-USDT-SWAP	BUY	1638629123389
20211204	1447	4002.37	20211204	1447	4016.99	1	14.62	ETH-USDT-SWAP	BUY	1638629250568
20211204	1449	4020.43	20211204	1450	4012.61	1	-7.82	ETH-USDT-SWAP	BUY	1638629388261
20211204	1506	4028.41	20211204	1509	4039.16	1	10.75	ETH-USDT-SWAP	BUY	1638630419503
20211204	1506	4035.28	20211204	1506	4027.47	1	-7.81	ETH-USDT-SWAP	BUY	1638630367478
20211204	1512	4048.92	20211204	1515	4057.73	1	8.81	ETH-USDT-SWAP	BUY	1638630775868
20211204	1512	4058.59	20211204	1512	4048.79	1	-9.8	ETH-USDT-SWAP	BUY	1638630733704
20211204	1515	4059.99	20211204	1516	4046.8	1	-13.19	ETH-USDT-SWAP	BUY	1638630925569
20211204	1517	4028.95	20211204	1520	4038.73	1	9.78	ETH-USDT-SWAP	BUY	1638631060740
20211204	1521	4039.33	20211204	1524	4036.84	1	2.49	ETH-USDT-SWAP	SELL	1638631312944
20211204	1525	4027.63	20211204	1528	4029.4	1	1.77	ETH-USDT-SWAP	BUY	1638631539305
20211204	1525	4038.06	20211204	1525	4025.05	1	-13.01	ETH-USDT-SWAP	BUY	1638631506880
20211204	1537	4038.09	20211204	1537	4046.66	1	8.57	ETH-USDT-SWAP	BUY	1638632222453
20211204	1538	4046.06	20211204	1539	4057.3	1	11.24	ETH-USDT-SWAP	BUY	1638632284408
20211204	1539	4047.76	20211204	1540	4039.54	1	-8.22	ETH-USDT-SWAP	BUY	1638632388590
20211204	1539	4058.92	20211204	1539	4051.45	1	-7.47	ETH-USDT-SWAP	BUY	1638632367818
20211204	1540	4038.89	20211204	1541	4056.21	1	17.32	ETH-USDT-SWAP	BUY	1638632440671
20211204	1541	4056.37	20211204	1542	4047.75	1	8.62	ETH-USDT-SWAP	SELL	1638632513927
20211204	1543	4035.11	20211204	1546	4033.47	1	-1.64	ETH-USDT-SWAP	BUY	1638632597624
20211204	1546	4033.62	20211204	1547	4024.31	1	9.31	ETH-USDT-SWAP	SELL	1638632785540
20211204	1547	4022.54	20211204	1549	4030	1	-7.46	ETH-USDT-SWAP	SELL	1638632848003
20211204	1549	4028.18	20211204	1552	4035.4	1	-7.22	ETH-USDT-SWAP	SELL	1638632995093
20211204	1553	4037.34	20211204	1556	4029.1	1	-8.24	ETH-USDT-SWAP	BUY	1638633182998
20211204	1556	4027.75	20211204	1559	4035.99	1	8.24	ETH-USDT-SWAP	BUY	1638633370820
20211204	1559	4035.7	20211204	1600	4027.85	1	-7.85	ETH-USDT-SWAP	BUY	1638633558440
20211204	1601	4026.73	20211204	1602	4019.12	1	-7.61	ETH-USDT-SWAP	BUY	1638633662719
20211204	1602	4024.2	20211204	1603	4033.7	1	-9.5	ETH-USDT-SWAP	SELL	1638633756432
20211204	1603	4035.05	20211204	1605	4025	1	10.05	ETH-USDT-SWAP	SELL	1638633808716
20211204	1605	4023.97	20211204	1608	4020.59	1	-3.38	ETH-USDT-SWAP	BUY	1638633935328
20211204	1608	4021.14	20211204	1609	4010.73	1	10.41	ETH-USDT-SWAP	SELL	1638634123225
20211204	1610	4010.7	20211204	1612	4020.64	1	-9.94	ETH-USDT-SWAP	SELL	1638634206709
20211204	1612	4022	20211204	1614	4029.57	1	-7.57	ETH-USDT-SWAP	SELL	1638634373466
20211204	1615	4028.99	20211204	1617	4041.29	1	12.3	ETH-USDT-SWAP	BUY	1638634509318
20211204	1619	4030.38	20211204	1620	4023.09	1	-7.29	ETH-USDT-SWAP	BUY	1638634780217
20211204	1620	4023.72	20211204	1622	4015	1	8.72	ETH-USDT-SWAP	SELL	1638634832761
20211204	1622	4013.8	20211204	1625	4017.98	1	-4.18	ETH-USDT-SWAP	SELL	1638634978279
20211204	1626	4020.55	20211204	1629	4021.64	1	-1.09	ETH-USDT-SWAP	SELL	1638635166350
20211204	1629	4025.3	20211204	1631	4033.51	1	-8.21	ETH-USDT-SWAP	SELL	1638635354860
20211204	1639	4023.75	20211204	1640	4014.02	1	9.73	ETH-USDT-SWAP	SELL	1638635941168
20211204	1640	4015.79	20211204	1643	4009.73	1	6.06	ETH-USDT-SWAP	SELL	1638636028858
20211204	1643	4010.2	20211204	1646	3990.01	1	20.19	ETH-USDT-SWAP	SELL	1638636220090
20211204	1646	3994.31	20211204	1647	4003.21	1	-8.9	ETH-USDT-SWAP	SELL	1638636412012
20211204	1647	4001.01	20211204	1650	3989.83	1	11.18	ETH-USDT-SWAP	SELL	1638636455431
20211204	1650	3990.98	20211204	1651	4001.97	1	-10.99	ETH-USDT-SWAP	SELL	1638636628375
20211204	1651	4002.93	20211204	1652	3993.83	1	9.1	ETH-USDT-SWAP	SELL	1638636702184
20211204	1655	3994.46	20211204	1657	4002.48	1	-8.02	ETH-USDT-SWAP	SELL	1638636948203
20211204	1658	3978.85	20211204	1659	3986.3	1	-7.45	ETH-USDT-SWAP	SELL	1638637127457
20211204	1659	3982.48	20211204	1700	3992.3	1	-9.82	ETH-USDT-SWAP	SELL	1638637190088
20211204	1700	3989.53	20211204	1703	3993	1	-3.47	ETH-USDT-SWAP	SELL	1638637233058
20211204	1714	3992.9	20211204	1717	3996.5	1	-3.6	ETH-USDT-SWAP	SELL	1638638046999
20211204	1719	3988.6	20211204	1720	3995.92	1	-7.32	ETH-USDT-SWAP	SELL	1638638354414
20211204	1720	3997.5	20211204	1723	4005.85	1	-8.35	ETH-USDT-SWAP	SELL	1638638418715
20211204	1725	3993.51	20211204	1727	4002	1	-8.49	ETH-USDT-SWAP	SELL	1638638724234
20211204	1727	4002.49	20211204	1730	4005.59	1	-3.1	ETH-USDT-SWAP	SELL	1638638870140
20211204	1731	4006.17	20211204	1734	4012.92	1	-6.75	ETH-USDT-SWAP	SELL	1638639062059
20211204	1734	4015.45	20211204	1735	4005.74	1	9.71	ETH-USDT-SWAP	SELL	1638639251806
20211204	1735	3998.18	20211204	1738	4005.95	1	-7.77	ETH-USDT-SWAP	SELL	1638639357800
20211204	1742	4006.97	20211204	1745	4006.91	1	0.06	ETH-USDT-SWAP	SELL	1638639737548
20211204	1745	4008.38	20211204	1747	4016.17	1	-7.79	ETH-USDT-SWAP	SELL	1638639926231
20211204	1800	4003.46	20211204	1801	4013.06	1	-9.6	ETH-USDT-SWAP	SELL	1638640828726
20211204	1801	4015.85	20211204	1803	4023.1	1	-7.25	ETH-USDT-SWAP	SELL	1638640881897
20211204	1805	4029.73	20211204	1808	4031.44	1	-1.71	ETH-USDT-SWAP	SELL	1638641121345
20211204	1810	4033.8	20211204	1813	4028.28	1	5.52	ETH-USDT-SWAP	SELL	1638641434402
20211204	1813	4029.93	20211204	1814	4037.73	1	-7.8	ETH-USDT-SWAP	SELL	1638641622064
20211204	1824	4038.46	20211204	1826	4048.18	1	9.72	ETH-USDT-SWAP	BUY	1638642268417
20211204	1829	4040.21	20211204	1832	4047.42	1	7.21	ETH-USDT-SWAP	BUY	1638642592168
20211204	1833	4044.04	20211204	1835	4036.65	1	-7.39	ETH-USDT-SWAP	BUY	1638642790307
20211204	1835	4037.61	20211204	1838	4045.74	1	-8.13	ETH-USDT-SWAP	SELL	1638642957150
20211204	1840	4038.14	20211204	1842	4046.59	1	-8.45	ETH-USDT-SWAP	SELL	1638643208542
20211204	1848	4047.89	20211204	1851	4052.27	1	4.38	ETH-USDT-SWAP	BUY	1638643688702
20211204	1852	4045.09	20211204	1855	4049.34	1	-4.25	ETH-USDT-SWAP	SELL	1638643949921
20211204	1855	4054.4	20211204	1858	4056.31	1	-1.91	ETH-USDT-SWAP	SELL	1638644140112
20211204	1858	4056.95	20211204	1901	4051.79	1	5.16	ETH-USDT-SWAP	SELL	1638644330805
20211204	1902	4053.41	20211204	1904	4061.11	1	-7.7	ETH-USDT-SWAP	SELL	1638644522596
20211204	1908	4061.05	20211204	1911	4060.56	1	0.49	ETH-USDT-SWAP	SELL	1638644914083
20211204	1935	4102.7	20211204	1938	4099	1	-3.7	ETH-USDT-SWAP	BUY	1638646529364
20211204	1942	4107.35	20211204	1944	4115.63	1	8.28	ETH-USDT-SWAP	BUY	1638646973764
20211204	1950	4120.75	20211204	1951	4112.59	1	-8.16	ETH-USDT-SWAP	BUY	1638647415853
20211204	2001	4098.38	20211204	2004	4088.69	1	9.69	ETH-USDT-SWAP	SELL	1638648114820
20211204	2004	4094.09	20211204	2006	4104	1	9.91	ETH-USDT-SWAP	BUY	1638648260741
20211204	2009	4102.2	20211204	2012	4100.56	1	-1.64	ETH-USDT-SWAP	BUY	1638648598518
20211204	2013	4099.74	20211204	2014	4091.86	1	-7.88	ETH-USDT-SWAP	BUY	1638648790930
20211204	2014	4092.55	20211204	2015	4100.79	1	8.24	ETH-USDT-SWAP	BUY	1638648876728
20211204	2015	4100.6	20211204	2018	4107.12	1	-6.52	ETH-USDT-SWAP	SELL	1638648921570
20211204	2018	4109.16	20211204	2021	4111.51	1	2.35	ETH-USDT-SWAP	BUY	1638649115203
20211204	2021	4110.8	20211204	2024	4113.22	1	2.42	ETH-USDT-SWAP	BUY	1638649307373
20211204	2025	4114.98	20211204	2028	4119	1	4.02	ETH-USDT-SWAP	BUY	1638649501454
20211204	2031	4116.99	20211204	2034	4120.78	1	-3.79	ETH-USDT-SWAP	SELL	1638649883021
20211204	2044	4098.05	20211204	2047	4105.58	1	-7.53	ETH-USDT-SWAP	SELL	1638650699744
20211204	2102	4090.02	20211204	2105	4092.55	1	-2.53	ETH-USDT-SWAP	SELL	1638651741583
20211204	2122	4060.4	20211204	2125	4069.65	1	9.25	ETH-USDT-SWAP	BUY	1638652976874
20211204	2122	4071.76	20211204	2122	4063.53	1	-8.23	ETH-USDT-SWAP	BUY	1638652945521
20211204	2145	4060.55	20211204	2147	4048.01	1	12.54	ETH-USDT-SWAP	SELL	1638654338798
20211204	2147	4048.38	20211204	2148	4056.75	1	8.37	ETH-USDT-SWAP	BUY	1638654443178
20211204	2150	4038.76	20211204	2151	4048.77	1	-10.01	ETH-USDT-SWAP	SELL	1638654635618
20211204	2157	4066.38	20211204	2158	4059.06	1	-7.32	ETH-USDT-SWAP	BUY	1638655030787
20211204	2158	4052.98	20211204	2159	4061.68	1	8.7	ETH-USDT-SWAP	BUY	1638655104869
20211204	2159	4061.88	20211204	2202	4066	1	4.12	ETH-USDT-SWAP	BUY	1638655168480
20211204	2202	4067	20211204	2205	4065.58	1	-1.42	ETH-USDT-SWAP	BUY	1638655359019
20211204	2205	4063.06	20211204	2208	4067.78	1	4.72	ETH-USDT-SWAP	BUY	1638655552595
20211204	2209	4068.07	20211204	2210	4076.99	1	8.92	ETH-USDT-SWAP	BUY	1638655743887
20211204	2213	4067.69	20211204	2216	4063.5	1	-4.19	ETH-USDT-SWAP	BUY	1638656030659
20211204	2217	4063.5	20211204	2220	4065.57	1	-2.07	ETH-USDT-SWAP	SELL	1638656221745
20211204	2222	4061.11	20211204	2225	4068.83	1	-7.72	ETH-USDT-SWAP	SELL	1638656558293
20211204	2239	4076.53	20211204	2242	4081.82	1	-5.29	ETH-USDT-SWAP	SELL	1638657579943
20211204	2312	4093.07	20211204	2315	4089.72	1	-3.35	ETH-USDT-SWAP	BUY	1638659542448
20211204	2321	4082.75	20211204	2324	4083.92	1	-1.17	ETH-USDT-SWAP	SELL	1638660103526
20211204	2328	4079.92	20211204	2330	4087.29	1	-7.37	ETH-USDT-SWAP	SELL	1638660490481
20211204	2331	4078.78	20211204	2332	4071.15	1	-7.63	ETH-USDT-SWAP	BUY	1638660698901
20211204	2332	4068.03	20211204	2335	4068.16	1	-0.13	ETH-USDT-SWAP	SELL	1638660773465
20211204	2339	4067.68	20211204	2342	4064.87	1	-2.81	ETH-USDT-SWAP	BUY	1638661173782
20211204	2342	4067.32	20211204	2344	4079.9	1	12.58	ETH-USDT-SWAP	BUY	1638661365370
20211204	2347	4076.59	20211204	2349	4069.12	1	-7.47	ETH-USDT-SWAP	BUY	1638661662492
20211204	2350	4070.92	20211204	2352	4083.8	1	12.88	ETH-USDT-SWAP	BUY	1638661810462
20211204	2354	4091.49	20211204	2356	4102.55	1	11.06	ETH-USDT-SWAP	BUY	1638662064013
20211204	2356	4108.06	20211204	2357	4119.61	1	11.55	ETH-USDT-SWAP	BUY	1638662173399
20211204	2358	4111.58	20211204	2359	4123.07	1	11.49	ETH-USDT-SWAP	BUY	1638662309291
20211204	2359	4124	20211204	2359	4116.1	1	-7.9	ETH-USDT-SWAP	BUY	1638662371929
20211205	0	4115.57	20211205	1	4126	1	10.43	ETH-USDT-SWAP	BUY	1638662403310
20211205	1	4127.35	20211205	2	4136.43	1	9.08	ETH-USDT-SWAP	BUY	1638662476219
20211205	2	4134.48	20211205	3	4124.69	1	-9.79	ETH-USDT-SWAP	BUY	1638662559865
20211205	3	4128.66	20211205	5	4114.13	1	-14.53	ETH-USDT-SWAP	BUY	1638662622445
20211205	5	4120.97	20211205	6	4134.96	1	13.99	ETH-USDT-SWAP	BUY	1638662737140
20211205	6	4134.31	20211205	9	4141.99	1	-7.68	ETH-USDT-SWAP	SELL	1638662810354
20211205	9	4142.07	20211205	10	4153.2	1	11.13	ETH-USDT-SWAP	BUY	1638662966457
20211205	10	4153.56	20211205	12	4139.99	1	-13.57	ETH-USDT-SWAP	BUY	1638663050114
20211205	12	4142.33	20211205	14	4133.78	1	-8.55	ETH-USDT-SWAP	BUY	1638663143856
20211205	15	4128.81	20211205	15	4137.15	1	8.34	ETH-USDT-SWAP	BUY	1638663332462
20211205	15	4135.05	20211205	15	4127.13	1	-7.92	ETH-USDT-SWAP	BUY	1638663301109
20211205	16	4136.96	20211205	17	4146.3	1	9.34	ETH-USDT-SWAP	BUY	1638663363713
20211205	18	4146.26	20211205	19	4156.04	1	9.78	ETH-USDT-SWAP	BUY	1638663488635
20211205	19	4150.49	20211205	21	4137.37	1	-13.12	ETH-USDT-SWAP	BUY	1638663551260
20211205	21	4137.01	20211205	23	4145.86	1	8.85	ETH-USDT-SWAP	BUY	1638663686477
20211205	24	4138.26	20211205	26	4127.87	1	-10.39	ETH-USDT-SWAP	BUY	1638663884584
20211205	26	4128.62	20211205	29	4120	1	-8.62	ETH-USDT-SWAP	BUY	1638664009605
20211205	29	4120.14	20211205	31	4110.13	1	10.01	ETH-USDT-SWAP	SELL	1638664197344
20211205	32	4101.47	20211205	34	4092.52	1	8.95	ETH-USDT-SWAP	SELL	1638664374333
20211205	32	4112.84	20211205	32	4101.11	1	11.73	ETH-USDT-SWAP	SELL	1638664322341
20211205	34	4084.64	20211205	35	4070.34	1	14.3	ETH-USDT-SWAP	SELL	1638664479629
20211205	35	4075.21	20211205	36	4091.97	1	-16.76	ETH-USDT-SWAP	SELL	1638664542341
20211205	36	4100.25	20211205	37	4085.88	1	14.37	ETH-USDT-SWAP	SELL	1638664584266
20211205	38	4099.57	20211205	39	4091.7	1	-7.87	ETH-USDT-SWAP	BUY	1638664689128
20211205	39	4080.68	20211205	42	4073.28	1	-7.4	ETH-USDT-SWAP	BUY	1638664795081
20211205	39	4088.93	20211205	39	4080.01	1	-8.92	ETH-USDT-SWAP	BUY	1638664763879
20211205	42	4077.94	20211205	43	4069	1	8.94	ETH-USDT-SWAP	SELL	1638664974919
20211205	43	4065.58	20211205	44	4080.84	1	15.26	ETH-USDT-SWAP	BUY	1638665027130
20211205	44	4081.26	20211205	46	4089.44	1	-8.18	ETH-USDT-SWAP	SELL	1638665074476
20211205	49	4099.74	20211205	52	4096.16	1	-3.58	ETH-USDT-SWAP	BUY	1638665353575
20211205	52	4092.24	20211205	52	4100.69	1	8.45	ETH-USDT-SWAP	BUY	1638665545182
20211205	53	4102.97	20211205	53	4111.97	1	9	ETH-USDT-SWAP	BUY	1638665586962
20211205	54	4104.39	20211205	55	4094.96	1	-9.43	ETH-USDT-SWAP	BUY	1638665664932
20211205	55	4097.78	20211205	57	4110.72	1	12.94	ETH-USDT-SWAP	BUY	1638665717774
20211205	100	4095.69	20211205	101	4086.8	1	-8.89	ETH-USDT-SWAP	BUY	1638666058746
20211205	100	4103	20211205	100	4093.19	1	-9.81	ETH-USDT-SWAP	BUY	1638666037723
20211205	101	4087.82	20211205	102	4097.52	1	9.7	ETH-USDT-SWAP	BUY	1638666090994
20211205	102	4092.07	20211205	104	4082.96	1	9.11	ETH-USDT-SWAP	SELL	1638666155412
20211205	105	4085.63	20211205	107	4082.58	1	3.05	ETH-USDT-SWAP	SELL	1638666301251
20211205	110	4086.29	20211205	112	4094.49	1	8.2	ETH-USDT-SWAP	BUY	1638666638960
20211205	112	4095	20211205	115	4094.58	1	-0.42	ETH-USDT-SWAP	BUY	1638666767695
20211205	116	4095.76	20211205	116	4104.28	1	8.52	ETH-USDT-SWAP	BUY	1638666964245
20211205	119	4103.49	20211205	120	4092.99	1	-10.5	ETH-USDT-SWAP	BUY	1638667196738
20211205	120	4093.99	20211205	121	4102.73	1	8.74	ETH-USDT-SWAP	BUY	1638667248787
20211205	121	4106.25	20211205	122	4095.01	1	11.24	ETH-USDT-SWAP	SELL	1638667311260
20211205	127	4086.47	20211205	130	4082.19	1	-4.28	ETH-USDT-SWAP	BUY	1638667658117
20211205	130	4082.22	20211205	133	4076.88	1	5.34	ETH-USDT-SWAP	SELL	1638667850478
20211205	133	4076.88	20211205	135	4085.91	1	-9.03	ETH-USDT-SWAP	SELL	1638668039780
20211205	135	4086.18	20211205	137	4096.86	1	-10.68	ETH-USDT-SWAP	SELL	1638668133961
20211205	140	4110.71	20211205	141	4121.36	1	10.65	ETH-USDT-SWAP	BUY	1638668445868
20211205	144	4124.82	20211205	147	4116.93	1	-7.89	ETH-USDT-SWAP	BUY	1638668675347
20211205	147	4116.74	20211205	150	4113.54	1	-3.2	ETH-USDT-SWAP	BUY	1638668831674
20211205	155	4117.45	20211205	157	4113.71	1	3.74	ETH-USDT-SWAP	SELL	1638669302168
20211205	158	4114.86	20211205	158	4105.66	1	9.2	ETH-USDT-SWAP	SELL	1638669489646
20211205	201	4098.01	20211205	204	4098.3	1	-0.29	ETH-USDT-SWAP	SELL	1638669677227
20211205	206	4093.27	20211205	209	4089.45	1	3.82	ETH-USDT-SWAP	SELL	1638670000139
20211205	209	4088.01	20211205	212	4088.92	1	-0.91	ETH-USDT-SWAP	SELL	1638670188752
20211205	219	4085.78	20211205	219	4093.46	1	-7.68	ETH-USDT-SWAP	SELL	1638670744755
20211205	225	4106.2	20211205	228	4100.76	1	-5.44	ETH-USDT-SWAP	BUY	1638671127732
20211205	228	4103.6	20211205	230	4112.61	1	-9.01	ETH-USDT-SWAP	SELL	1638671320864
20211205	233	4113.99	20211205	235	4104.66	1	-9.33	ETH-USDT-SWAP	BUY	1638671604739
20211205	235	4107.73	20211205	238	4100.14	1	-7.59	ETH-USDT-SWAP	BUY	1638671730037
20211205	238	4100.74	20211205	241	4094.92	1	5.82	ETH-USDT-SWAP	SELL	1638671892248
20211205	241	4093.74	20211205	242	4101.7	1	-7.96	ETH-USDT-SWAP	SELL	1638672085491
20211205	242	4102.1	20211205	245	4104.89	1	-2.79	ETH-USDT-SWAP	SELL	1638672169646
20211205	249	4109.16	20211205	250	4097.27	1	11.89	ETH-USDT-SWAP	SELL	1638672552364
20211205	250	4097.29	20211205	253	4090.25	1	-7.04	ETH-USDT-SWAP	BUY	1638672646927
20211205	253	4089.56	20211205	255	4097.61	1	-8.05	ETH-USDT-SWAP	SELL	1638672836935
20211205	255	4097.7	20211205	257	4106.36	1	-8.66	ETH-USDT-SWAP	SELL	1638672931716
20211205	301	4095.07	20211205	302	4103.13	1	-8.06	ETH-USDT-SWAP	SELL	1638673278836
20211205	302	4104.99	20211205	303	4095.01	1	9.98	ETH-USDT-SWAP	SELL	1638673341398
20211205	309	4119.6	20211205	310	4110.09	1	-9.51	ETH-USDT-SWAP	BUY	1638673793566
20211205	312	4118	20211205	313	4126.96	1	-8.96	ETH-USDT-SWAP	SELL	1638673941600
20211205	314	4132	20211205	317	4140	1	8	ETH-USDT-SWAP	BUY	1638674058463
20211205	317	4142.21	20211205	320	4147.92	1	5.71	ETH-USDT-SWAP	BUY	1638674251248
20211205	325	4132.83	20211205	328	4132.85	1	0.02	ETH-USDT-SWAP	BUY	1638674730874
20211205	328	4133.27	20211205	331	4140.65	1	-7.38	ETH-USDT-SWAP	SELL	1638674925431
20211205	335	4144.02	20211205	337	4152.5	1	8.48	ETH-USDT-SWAP	BUY	1638675353313
20211205	339	4158.37	20211205	341	4149.07	1	-9.3	ETH-USDT-SWAP	BUY	1638675561729
20211205	341	4149.34	20211205	344	4148.33	1	-1.01	ETH-USDT-SWAP	BUY	1638675707702
20211205	345	4150.79	20211205	348	4151.99	1	1.2	ETH-USDT-SWAP	BUY	1638675905355
20211205	409	4147	20211205	412	4149.35	1	2.35	ETH-USDT-SWAP	BUY	1638677344945
20211205	412	4143.42	20211205	415	4152.25	1	-8.83	ETH-USDT-SWAP	SELL	1638677578451
20211205	412	4151.19	20211205	412	4141.35	1	9.84	ETH-USDT-SWAP	SELL	1638677535200
20211205	418	4146.82	20211205	420	4155.16	1	8.34	ETH-USDT-SWAP	BUY	1638677911622
20211205	422	4146.24	20211205	425	4139.25	1	-6.99	ETH-USDT-SWAP	BUY	1638678125305
20211205	425	4139.01	20211205	427	4147.61	1	-8.6	ETH-USDT-SWAP	SELL	1638678318570
20211205	431	4145.66	20211205	434	4142	1	3.66	ETH-USDT-SWAP	SELL	1638678678637
20211205	434	4146.03	20211205	437	4148.33	1	-2.3	ETH-USDT-SWAP	SELL	1638678867752
20211205	446	4163.98	20211205	449	4166.07	1	2.09	ETH-USDT-SWAP	BUY	1638679572234
20211205	454	4157.16	20211205	456	4148.84	1	-8.32	ETH-USDT-SWAP	BUY	1638680057318
20211205	456	4149.86	20211205	459	4157.69	1	-7.83	ETH-USDT-SWAP	SELL	1638680214597
20211205	503	4148.03	20211205	506	4157.57	1	9.54	ETH-USDT-SWAP	BUY	1638680635536
20211205	512	4156.54	20211205	515	4163.79	1	7.25	ETH-USDT-SWAP	BUY	1638681158302
20211205	522	4172.72	20211205	523	4181.72	1	9	ETH-USDT-SWAP	BUY	1638681728374
20211205	524	4181.01	20211205	527	4182.12	1	1.11	ETH-USDT-SWAP	BUY	1638681843094
20211205	527	4182.99	20211205	528	4175.26	1	-7.73	ETH-USDT-SWAP	BUY	1638682033181
20211205	528	4174.38	20211205	531	4182.4	1	8.02	ETH-USDT-SWAP	BUY	1638682137731
20211205	535	4181.41	20211205	536	4191.42	1	10.01	ETH-USDT-SWAP	BUY	1638682518129
20211205	541	4188.54	20211205	544	4193.36	1	4.82	ETH-USDT-SWAP	BUY	1638682872832
20211205	606	4185.96	20211205	608	4194.45	1	-8.49	ETH-USDT-SWAP	SELL	1638684407339
20211205	610	4187.21	20211205	613	4191.51	1	4.3	ETH-USDT-SWAP	BUY	1638684628387
20211205	616	4186.84	20211205	619	4185.11	1	-1.73	ETH-USDT-SWAP	BUY	1638685005118
20211205	619	4184.28	20211205	622	4186.59	1	-2.31	ETH-USDT-SWAP	SELL	1638685193398
20211205	626	4191.88	20211205	628	4199.99	1	-8.11	ETH-USDT-SWAP	SELL	1638685573805
20211205	630	4207.2	20211205	633	4212.64	1	5.44	ETH-USDT-SWAP	BUY	1638685829100
20211205	635	4205.91	20211205	638	4203.22	1	-2.69	ETH-USDT-SWAP	BUY	1638686146862
20211205	651	4213.25	20211205	653	4223.41	1	10.16	ETH-USDT-SWAP	BUY	1638687081105
20211205	714	4210.31	20211205	717	4211.45	1	-1.14	ETH-USDT-SWAP	SELL	1638688462787
20211205	744	4208.36	20211205	747	4198	1	10.36	ETH-USDT-SWAP	SELL	1638690250021
20211205	747	4198.01	20211205	750	4198.01	1	0	ETH-USDT-SWAP	SELL	1638690438163
20211205	753	4195.17	20211205	754	4186.4	1	8.77	ETH-USDT-SWAP	SELL	1638690823360
20211205	802	4184.97	20211205	803	4176.28	1	8.69	ETH-USDT-SWAP	SELL	1638691365163
20211205	803	4177.69	20211205	806	4175.6	1	2.09	ETH-USDT-SWAP	SELL	1638691406811
20211205	822	4200.9	20211205	824	4192.54	1	-8.36	ETH-USDT-SWAP	BUY	1638692565143
20211205	824	4190.01	20211205	827	4192.58	1	-2.57	ETH-USDT-SWAP	SELL	1638692658857
20211205	830	4188.8	20211205	832	4198.98	1	-10.18	ETH-USDT-SWAP	SELL	1638693054865
20211205	836	4200.67	20211205	839	4204.96	1	4.29	ETH-USDT-SWAP	BUY	1638693372294
20211205	839	4202.53	20211205	842	4206.46	1	3.93	ETH-USDT-SWAP	BUY	1638693563174
20211205	859	4206.6	20211205	902	4205.32	1	1.28	ETH-USDT-SWAP	SELL	1638694747168
20211205	902	4205.08	20211205	905	4201.79	1	3.29	ETH-USDT-SWAP	SELL	1638694934908
20211205	905	4200.32	20211205	908	4192.21	1	8.11	ETH-USDT-SWAP	SELL	1638695122655
20211205	908	4188.65	20211205	910	4180.01	1	8.64	ETH-USDT-SWAP	SELL	1638695310464
20211205	910	4178.42	20211205	913	4172	1	6.42	ETH-USDT-SWAP	SELL	1638695414811
20211205	913	4172.66	20211205	916	4181.18	1	-8.52	ETH-USDT-SWAP	SELL	1638695603439
20211205	918	4166.63	20211205	921	4164.57	1	2.06	ETH-USDT-SWAP	SELL	1638695936867
20211205	934	4183.82	20211205	935	4176.16	1	-7.66	ETH-USDT-SWAP	BUY	1638696864781
20211205	935	4177.17	20211205	937	4188.12	1	-10.95	ETH-USDT-SWAP	SELL	1638696958508
20211205	940	4194.25	20211205	941	4184.48	1	-9.77	ETH-USDT-SWAP	BUY	1638697246514
20211205	941	4189.77	20211205	944	4194.08	1	4.31	ETH-USDT-SWAP	BUY	1638697299577
20211205	944	4194.44	20211205	947	4201.59	1	7.15	ETH-USDT-SWAP	BUY	1638697492671
20211205	948	4202.38	20211205	950	4194.8	1	-7.58	ETH-USDT-SWAP	BUY	1638697684656
20211205	950	4195.55	20211205	951	4185.67	1	9.88	ETH-USDT-SWAP	SELL	1638697856696
20211205	955	4186.59	20211205	957	4178.11	1	8.48	ETH-USDT-SWAP	SELL	1638698112157
20211205	958	4177.4	20211205	1000	4185	1	-7.6	ETH-USDT-SWAP	SELL	1638698282722
20211205	1001	4173.22	20211205	1002	4188	1	14.78	ETH-USDT-SWAP	BUY	1638698494101
20211205	1002	4181.8	20211205	1005	4177.42	1	4.38	ETH-USDT-SWAP	SELL	1638698566821
20211205	1012	4197.71	20211205	1015	4201.74	1	4.03	ETH-USDT-SWAP	BUY	1638699134627
20211205	1015	4203.99	20211205	1017	4195.17	1	-8.82	ETH-USDT-SWAP	BUY	1638699330502
20211205	1017	4196.4	20211205	1019	4206.35	1	9.95	ETH-USDT-SWAP	BUY	1638699477086
20211205	1023	4203.88	20211205	1026	4204.26	1	0.38	ETH-USDT-SWAP	BUY	1638699781691
20211205	1050	4208.01	20211205	1052	4206.35	1	1.66	ETH-USDT-SWAP	SELL	1638701400723
20211205	1053	4201.5	20211205	1054	4190.34	1	11.16	ETH-USDT-SWAP	SELL	1638701588823
20211205	1054	4192.07	20211205	1057	4197.5	1	-5.43	ETH-USDT-SWAP	SELL	1638701673106
20211205	1059	4189.04	20211205	1102	4196.22	1	-7.18	ETH-USDT-SWAP	SELL	1638701956513
20211205	1104	4191.11	20211205	1107	4194.98	1	3.87	ETH-USDT-SWAP	BUY	1638702255278
20211205	1121	4206.95	20211205	1124	4209	1	2.05	ETH-USDT-SWAP	BUY	1638703277435
20211205	1124	4208.45	20211205	1127	4203.99	1	4.46	ETH-USDT-SWAP	SELL	1638703465853
20211205	1127	4204.83	20211205	1130	4204.55	1	0.28	ETH-USDT-SWAP	SELL	1638703653876
20211205	1130	4206	20211205	1133	4211.11	1	-5.11	ETH-USDT-SWAP	SELL	1638703841245
20211205	1136	4202	20211205	1139	4197.45	1	4.55	ETH-USDT-SWAP	SELL	1638704175489
20211205	1140	4186.31	20211205	1143	4192.22	1	-5.91	ETH-USDT-SWAP	SELL	1638704446839
20211205	1157	4180.03	20211205	1158	4190.04	1	10.01	ETH-USDT-SWAP	BUY	1638705472744
20211205	1203	4183.75	20211205	1206	4184.68	1	0.93	ETH-USDT-SWAP	BUY	1638705819129
20211205	1210	4205.08	20211205	1213	4207.41	1	2.33	ETH-USDT-SWAP	BUY	1638706232978
20211205	1213	4206.37	20211205	1214	4214.99	1	8.62	ETH-USDT-SWAP	BUY	1638706422879
20211205	1214	4216.98	20211205	1217	4218.38	1	1.4	ETH-USDT-SWAP	BUY	1638706476716
20211205	1226	4231.76	20211205	1228	4222.91	1	-8.85	ETH-USDT-SWAP	BUY	1638707215720
20211205	1238	4233.94	20211205	1240	4242.67	1	8.73	ETH-USDT-SWAP	BUY	1638707933491
20211205	1303	4218.3	20211205	1305	4206.66	1	-11.64	ETH-USDT-SWAP	BUY	1638709406688
20211205	1305	4209.75	20211205	1308	4216.04	1	-6.29	ETH-USDT-SWAP	SELL	1638709543365
20211205	1312	4216	20211205	1315	4219.46	1	3.46	ETH-USDT-SWAP	BUY	1638709949469
20211205	1317	4210	20211205	1320	4206.81	1	3.19	ETH-USDT-SWAP	SELL	1638710231404
20211205	1320	4203.41	20211205	1323	4199.99	1	3.42	ETH-USDT-SWAP	SELL	1638710420282
20211205	1336	4210.99	20211205	1339	4216.25	1	5.26	ETH-USDT-SWAP	BUY	1638711370542
20211205	1348	4212.61	20211205	1351	4213.76	1	-1.15	ETH-USDT-SWAP	SELL	1638712125574
20211205	1358	4210	20211205	1359	4200.06	1	9.94	ETH-USDT-SWAP	SELL	1638712699337
20211205	1400	4196.65	20211205	1402	4186.33	1	10.32	ETH-USDT-SWAP	SELL	1638712806843
20211205	1402	4184.45	20211205	1403	4170	1	14.45	ETH-USDT-SWAP	SELL	1638712966304
20211205	1403	4168.77	20211205	1406	4164.79	1	3.98	ETH-USDT-SWAP	SELL	1638713019705
20211205	1410	4148.43	20211205	1411	4135.01	1	13.42	ETH-USDT-SWAP	SELL	1638713458375
20211205	1410	4160.63	20211205	1410	4148.23	1	12.4	ETH-USDT-SWAP	SELL	1638713406692
20211205	1411	4135.17	20211205	1411	4146.01	1	-10.84	ETH-USDT-SWAP	SELL	1638713479465
20211205	1411	4136.41	20211205	1414	4144.14	1	-7.73	ETH-USDT-SWAP	SELL	1638713501696
20211205	1418	4135.31	20211205	1420	4144.37	1	9.06	ETH-USDT-SWAP	BUY	1638713933629
20211205	1427	4154.17	20211205	1428	4145.93	1	-8.24	ETH-USDT-SWAP	BUY	1638714451508
20211205	1428	4144.43	20211205	1431	4151.46	1	7.03	ETH-USDT-SWAP	BUY	1638714516459
20211205	1436	4132.3	20211205	1439	4137.42	1	-5.12	ETH-USDT-SWAP	SELL	1638715001852
20211205	1442	4140.22	20211205	1443	4150.99	1	10.77	ETH-USDT-SWAP	BUY	1638715360168
20211205	1445	4143.31	20211205	1446	4154.75	1	11.44	ETH-USDT-SWAP	BUY	1638715541685
20211205	1446	4156.88	20211205	1449	4157.84	1	-0.96	ETH-USDT-SWAP	SELL	1638715572847
20211205	1449	4156.34	20211205	1450	4165.99	1	9.65	ETH-USDT-SWAP	BUY	1638715760196
20211205	1450	4163.78	20211205	1451	4156	1	-7.78	ETH-USDT-SWAP	BUY	1638715843688
20211205	1451	4156.01	20211205	1454	4158.28	1	2.27	ETH-USDT-SWAP	BUY	1638715885359
20211205	1454	4156.76	20211205	1455	4148.11	1	-8.65	ETH-USDT-SWAP	BUY	1638716083156
20211205	1455	4147.01	20211205	1457	4137.1	1	-9.91	ETH-USDT-SWAP	BUY	1638716135259
20211205	1457	4139.52	20211205	1458	4148.69	1	-9.17	ETH-USDT-SWAP	SELL	1638716260353
20211205	1459	4140	20211205	1502	4144.8	1	-4.8	ETH-USDT-SWAP	SELL	1638716343923
20211205	1504	4141.45	20211205	1506	4131.17	1	-10.28	ETH-USDT-SWAP	BUY	1638716671137
20211205	1507	4110.27	20211205	1507	4093.44	1	16.83	ETH-USDT-SWAP	SELL	1638716859046
20211205	1507	4132.25	20211205	1507	4111.48	1	20.77	ETH-USDT-SWAP	SELL	1638716827561
20211205	1508	4092.22	20211205	1508	4104.67	1	-12.45	ETH-USDT-SWAP	SELL	1638716890286
20211205	1508	4097.43	20211205	1511	4111.01	1	-13.58	ETH-USDT-SWAP	SELL	1638716921475
20211205	1511	4108.1	20211205	1512	4096.92	1	11.18	ETH-USDT-SWAP	SELL	1638717077890
20211205	1512	4100.65	20211205	1513	4085.77	1	-14.88	ETH-USDT-SWAP	BUY	1638717150667
20211205	1513	4086.42	20211205	1515	4094.57	1	-8.15	ETH-USDT-SWAP	SELL	1638717223802
20211205	1515	4090.63	20211205	1516	4082	1	8.63	ETH-USDT-SWAP	SELL	1638717348961
20211205	1517	4080	20211205	1519	4067.65	1	-12.35	ETH-USDT-SWAP	BUY	1638717421639
20211205	1519	4076.17	20211205	1520	4083.65	1	-7.48	ETH-USDT-SWAP	SELL	1638717557523
20211205	1521	4078.22	20211205	1523	4087	1	8.78	ETH-USDT-SWAP	BUY	1638717682732
20211205	1525	4087.62	20211205	1528	4083.14	1	-4.48	ETH-USDT-SWAP	BUY	1638717922633
20211205	1528	4082.47	20211205	1529	4075	1	-7.47	ETH-USDT-SWAP	BUY	1638718120148
20211205	1530	4075.59	20211205	1531	4066.02	1	9.57	ETH-USDT-SWAP	SELL	1638718205708
20211205	1531	4069.13	20211205	1531	4060.6	1	8.53	ETH-USDT-SWAP	SELL	1638718289650
20211205	1532	4055	20211205	1532	4066.12	1	-11.12	ETH-USDT-SWAP	SELL	1638718321153
20211205	1532	4060.24	20211205	1534	4052.11	1	8.13	ETH-USDT-SWAP	SELL	1638718341788
20211205	1536	4049.01	20211205	1537	4038.98	1	10.03	ETH-USDT-SWAP	SELL	1638718583613
20211205	1540	4054.48	20211205	1542	4044.02	1	-10.46	ETH-USDT-SWAP	BUY	1638718829578
20211205	1547	4059.13	20211205	1549	4050.55	1	-8.58	ETH-USDT-SWAP	BUY	1638719273911
20211205	1549	4049.24	20211205	1552	4061.48	1	12.24	ETH-USDT-SWAP	BUY	1638719359982
20211205	1552	4064.79	20211205	1553	4056.33	1	-8.46	ETH-USDT-SWAP	BUY	1638719547803
20211205	1553	4050.74	20211205	1554	4062.27	1	11.53	ETH-USDT-SWAP	BUY	1638719632678
20211205	1553	4054.01	20211205	1553	4046.05	1	-7.96	ETH-USDT-SWAP	BUY	1638719600052
20211205	1554	4057.75	20211205	1555	4066	1	8.25	ETH-USDT-SWAP	BUY	1638719675283
20211205	1557	4063.55	20211205	1600	4072.25	1	8.7	ETH-USDT-SWAP	BUY	1638719834269
20211205	1600	4069.49	20211205	1601	4078.47	1	8.98	ETH-USDT-SWAP	BUY	1638720025732
20211205	1601	4080.61	20211205	1602	4091.3	1	10.69	ETH-USDT-SWAP	BUY	1638720109327
20211205	1603	4102.4	20211205	1604	4090.16	1	-12.24	ETH-USDT-SWAP	BUY	1638720234658
20211205	1604	4094.04	20211205	1605	4105.5	1	11.46	ETH-USDT-SWAP	BUY	1638720286599
20211205	1605	4096.16	20211205	1608	4096.17	1	0.01	ETH-USDT-SWAP	BUY	1638720328190
20211205	1608	4095.21	20211205	1609	4103.64	1	8.43	ETH-USDT-SWAP	BUY	1638720520139
20211205	1609	4107.15	20211205	1611	4098.65	1	-8.5	ETH-USDT-SWAP	BUY	1638720594193
20211205	1611	4106.64	20211205	1612	4120.63	1	13.99	ETH-USDT-SWAP	BUY	1638720687904
20211205	1612	4118.96	20211205	1613	4110.62	1	-8.34	ETH-USDT-SWAP	BUY	1638720773337
20211205	1614	4118.79	20211205	1617	4117.65	1	-1.14	ETH-USDT-SWAP	BUY	1638720868608
20211205	1617	4115.99	20211205	1620	4109.31	1	-6.68	ETH-USDT-SWAP	BUY	1638721060199
20211205	1627	4104.09	20211205	1630	4106	1	-1.91	ETH-USDT-SWAP	SELL	1638721670211
20211205	1635	4093.09	20211205	1636	4104.04	1	-10.95	ETH-USDT-SWAP	SELL	1638722131593
20211205	1638	4094.57	20211205	1641	4096.26	1	1.69	ETH-USDT-SWAP	BUY	1638722306421
20211205	1646	4115.03	20211205	1648	4124.01	1	8.98	ETH-USDT-SWAP	BUY	1638722813846
20211205	1651	4121.61	20211205	1654	4117.94	1	-3.67	ETH-USDT-SWAP	BUY	1638723078609
20211205	1659	4107.67	20211205	1700	4115.16	1	-7.49	ETH-USDT-SWAP	SELL	1638723543554
20211205	1700	4111.93	20211205	1703	4106.6	1	5.33	ETH-USDT-SWAP	SELL	1638723637427
20211205	1703	4106.61	20211205	1704	4097.47	1	9.14	ETH-USDT-SWAP	SELL	1638723825641
20211205	1705	4095.24	20211205	1708	4093.34	1	1.9	ETH-USDT-SWAP	SELL	1638723909014
20211205	1708	4093.71	20211205	1711	4099.51	1	-5.8	ETH-USDT-SWAP	SELL	1638724106714
20211205	1715	4101.37	20211205	1717	4110.87	1	9.5	ETH-USDT-SWAP	BUY	1638724555476
20211205	1717	4109.99	20211205	1719	4117.72	1	-7.73	ETH-USDT-SWAP	SELL	1638724638831
20211205	1722	4125.92	20211205	1723	4134.59	1	8.67	ETH-USDT-SWAP	BUY	1638724954901
20211205	1725	4127.85	20211205	1725	4136.82	1	8.97	ETH-USDT-SWAP	BUY	1638725122400
20211205	1734	4148.29	20211205	1736	4137.7	1	-10.59	ETH-USDT-SWAP	BUY	1638725659550
20211205	1806	4150.21	20211205	1809	4151.44	1	-1.23	ETH-USDT-SWAP	SELL	1638727590577
20211205	2044	4142.19	20211205	2045	4149.57	1	7.38	ETH-USDT-SWAP	BUY	1638737079573
20211205	2046	4131.2	20211205	2048	4139.33	1	8.13	ETH-USDT-SWAP	BUY	1638737186854
20211205	2106	4130.82	20211205	2107	4122.36	1	8.46	ETH-USDT-SWAP	SELL	1638738368177
20211205	2107	4122.85	20211205	2109	4131.2	1	-8.35	ETH-USDT-SWAP	SELL	1638738464949
20211205	2113	4115.02	20211205	2115	4108.37	1	6.65	ETH-USDT-SWAP	SELL	1638738806542
